enhancedWeatherDescription,extendedWeatherType,feelsLikeTemperatureC,feelsLikeTemperatureF,gustSpeedKph,gustSpeedMph,humidity,localDate,precipitationProbabilityInPercent,precipitationProbabilityText,pressure,temperatureC,temperatureF,timeslot,timeslotLength,visibility,weatherType,weatherTypeText,windDescription,windDirection,windDirectionAbbreviation,windDirectionFull,windSpeedKph,windSpeedMph,issueDate,lastUpdated,location_id,location_name
Partly cloudy and light winds,2,17,62,11,7,62,2022-08-07,0,Precipitation is not expected,1027,16,61,02:00,1,Good,2,Partly Cloudy,Light winds from the south east,SE,SE,South Easterly,4,3,2022-08-06T22:05:00+01:00,2022-08-07T01:53:49.445+01:00,2634341,City of Westminster
Partly cloudy and light winds,2,16,61,11,7,66,2022-08-07,0,Precipitation is not expected,1027,16,60,03:00,1,Good,2,Partly Cloudy,Light winds from the south south east,SSE,SSE,South South Easterly,4,2,2022-08-06T22:05:00+01:00,2022-08-07T01:53:49.445+01:00,2634341,City of Westminster
Partly cloudy and light winds,2,16,61,12,8,69,2022-08-07,1,Low chance of precipitation,1027,15,59,04:00,1,Good,2,Partly Cloudy,Light winds from the west south west,WSW,WSW,West South Westerly,4,2,2022-08-06T22:05:00+01:00,2022-08-07T01:53:49.445+01:00,2634341,City of Westminster
Partly cloudy and light winds,2,15,59,13,8,70,2022-08-07,1,Low chance of precipitation,1027,15,59,05:00,1,Good,2,Partly Cloudy,Light winds from the north north west,NNW,NNW,North North Westerly,4,3,2022-08-06T22:05:00+01:00,2022-08-07T01:53:49.445+01:00,2634341,City of Westminster
Sunny intervals and light winds,3,15,59,15,9,71,2022-08-07,1,Low chance of precipitation,1027,15,58,06:00,1,Good,3,Sunny Intervals,Light winds from the north,N,N,Northerly,5,3,2022-08-06T22:05:00+01:00,2022-08-07T01:53:49.445+01:00,2634341,City of Westminster
Sunny and light winds,1,15,60,15,9,70,2022-08-07,1,Low chance of precipitation,1027,15,59,07:00,1,Good,1,Sunny,Light winds from the north,N,N,Northerly,5,3,2022-08-06T22:05:00+01:00,2022-08-07T01:53:49.445+01:00,2634341,City of Westminster
Sunny and light winds,1,17,62,16,10,65,2022-08-07,2,Low chance of precipitation,1027,16,61,08:00,1,Good,1,Sunny,Light winds from the north,N,N,Northerly,6,4,2022-08-06T22:05:00+01:00,2022-08-07T01:53:49.445+01:00,2634341,City of Westminster
Sunny and light winds,1,19,67,17,11,57,2022-08-07,2,Low chance of precipitation,1027,19,65,09:00,1,Good,1,Sunny,Light winds from the north,N,N,Northerly,7,4,2022-08-06T22:05:00+01:00,2022-08-07T01:53:49.445+01:00,2634341,City of Westminster
Sunny and light winds,1,21,71,18,11,50,2022-08-07,2,Low chance of precipitation,1027,21,69,10:00,1,Good,1,Sunny,Light winds from the north,N,N,Northerly,8,5,2022-08-06T22:05:00+01:00,2022-08-07T01:53:49.445+01:00,2634341,City of Westminster
Sunny and light winds,1,23,74,18,11,43,2022-08-07,0,Precipitation is not expected,1027,22,72,11:00,1,Good,1,Sunny,Light winds from the north north west,NNW,NNW,North North Westerly,8,5,2022-08-06T22:05:00+01:00,2022-08-07T01:53:49.445+01:00,2634341,City of Westminster
Sunny intervals and light winds,3,25,76,19,12,39,2022-08-07,1,Low chance of precipitation,1026,24,75,12:00,1,Good,3,Sunny Intervals,Light winds from the north north west,NNW,NNW,North North Westerly,8,5,2022-08-06T22:05:00+01:00,2022-08-07T01:53:49.445+01:00,2634341,City of Westminster
Sunny intervals and light winds,3,25,78,20,13,36,2022-08-07,1,Low chance of precipitation,1026,25,77,13:00,1,Good,3,Sunny Intervals,Light winds from the north west,NW,NW,North Westerly,9,5,2022-08-06T22:05:00+01:00,2022-08-07T01:53:49.445+01:00,2634341,City of Westminster
Sunny intervals and light winds,3,26,79,22,14,34,2022-08-07,1,Low chance of precipitation,1025,26,78,14:00,1,Good,3,Sunny Intervals,Light winds from the north west,NW,NW,North Westerly,10,6,2022-08-06T22:05:00+01:00,2022-08-07T01:53:49.445+01:00,2634341,City of Westminster
Sunny intervals and light winds,3,27,81,24,15,31,2022-08-07,1,Low chance of precipitation,1024,27,80,15:00,1,Good,3,Sunny Intervals,Light winds from the north west,NW,NW,North Westerly,11,7,2022-08-06T22:05:00+01:00,2022-08-07T01:53:49.445+01:00,2634341,City of Westminster
Sunny intervals and light winds,3,28,83,25,16,30,2022-08-07,1,Low chance of precipitation,1024,27,81,16:00,1,Good,3,Sunny Intervals,Light winds from the north west,NW,NW,North Westerly,12,7,2022-08-06T22:05:00+01:00,2022-08-07T01:53:49.445+01:00,2634341,City of Westminster
Sunny and a gentle breeze,1,28,82,26,16,30,2022-08-07,1,Low chance of precipitation,1024,27,81,17:00,1,Good,1,Sunny,A gentle breeze from the north west,NW,NW,North Westerly,12,8,2022-08-06T22:05:00+01:00,2022-08-07T01:53:49.445+01:00,2634341,City of Westminster
Sunny and a gentle breeze,1,27,81,26,16,32,2022-08-07,1,Low chance of precipitation,1024,27,80,18:00,1,Good,1,Sunny,A gentle breeze from the north north west,NNW,NNW,North North Westerly,13,8,2022-08-06T22:05:00+01:00,2022-08-07T01:53:49.445+01:00,2634341,City of Westminster
Sunny and a gentle breeze,1,26,79,26,16,34,2022-08-07,1,Low chance of precipitation,1024,25,78,19:00,1,Good,1,Sunny,A gentle breeze from the north north west,NNW,NNW,North North Westerly,13,8,2022-08-06T22:05:00+01:00,2022-08-07T01:53:49.445+01:00,2634341,City of Westminster
Sunny and a gentle breeze,1,25,77,25,15,37,2022-08-07,1,Low chance of precipitation,1024,24,76,20:00,1,Good,1,Sunny,A gentle breeze from the north north west,NNW,NNW,North North Westerly,12,8,2022-08-06T22:05:00+01:00,2022-08-07T01:53:49.445+01:00,2634341,City of Westminster
A clear sky and light winds,0,24,75,23,15,41,2022-08-07,2,Low chance of precipitation,1024,23,73,21:00,1,Good,0,Clear Sky,Light winds from the north,N,N,Northerly,11,7,2022-08-06T22:05:00+01:00,2022-08-07T01:53:49.445+01:00,2634341,City of Westminster
A clear sky and light winds,0,23,73,21,13,46,2022-08-07,2,Low chance of precipitation,1025,22,71,22:00,1,Good,0,Clear Sky,Light winds from the north,N,N,Northerly,10,6,2022-08-06T22:05:00+01:00,2022-08-07T01:53:49.445+01:00,2634341,City of Westminster
A clear sky and light winds,0,22,71,17,11,50,2022-08-07,1,Low chance of precipitation,1025,21,69,23:00,1,Good,0,Clear Sky,Light winds from the north,N,N,Northerly,9,5,2022-08-06T22:05:00+01:00,2022-08-07T01:53:49.445+01:00,2634341,City of Westminster
A clear sky and light winds,0,21,69,15,9,53,2022-08-08,1,Low chance of precipitation,1025,20,68,00:00,1,Good,0,Clear Sky,Light winds from the north north east,NNE,NNE,North North Easterly,7,5,2022-08-06T22:05:00+01:00,2022-08-07T01:53:49.445+01:00,2634341,City of Westminster
Partly cloudy and light winds,2,20,67,15,9,57,2022-08-08,1,Low chance of precipitation,1026,19,66,01:00,1,Good,2,Partly Cloudy,Light winds from the north north east,NNE,NNE,North North Easterly,6,4,2022-08-06T22:05:00+01:00,2022-08-07T01:53:49.445+01:00,2634341,City of Westminster
Partly cloudy and light winds,2,19,66,14,9,60,2022-08-08,0,Precipitation is not expected,1026,18,65,02:00,1,Good,2,Partly Cloudy,Light winds from the north north east,NNE,NNE,North North Easterly,5,3,2022-08-06T22:05:00+01:00,2022-08-07T01:53:49.445+01:00,2634341,City of Westminster
Partly cloudy and light winds,2,18,65,14,9,64,2022-08-08,0,Precipitation is not expected,1025,17,63,03:00,1,Good,2,Partly Cloudy,Light winds from the north north east,NNE,NNE,North North Easterly,5,3,2022-08-06T22:05:00+01:00,2022-08-07T01:53:49.445+01:00,2634341,City of Westminster
Partly cloudy and light winds,2,17,63,14,9,68,2022-08-08,1,Low chance of precipitation,1025,17,62,04:00,1,Good,2,Partly Cloudy,Light winds from the north north east,NNE,NNE,North North Easterly,5,3,2022-08-06T22:05:00+01:00,2022-08-07T01:53:49.445+01:00,2634341,City of Westminster
Partly cloudy and light winds,2,17,63,15,9,71,2022-08-08,0,Precipitation is not expected,1026,16,61,05:00,1,Good,2,Partly Cloudy,Light winds from the north north east,NNE,NNE,North North Easterly,5,3,2022-08-06T22:05:00+01:00,2022-08-07T01:53:49.445+01:00,2634341,City of Westminster
Sunny intervals and light winds,3,17,62,16,10,73,2022-08-08,0,Precipitation is not expected,1026,16,61,06:00,1,Good,3,Sunny Intervals,Light winds from the north north east,NNE,NNE,North North Easterly,5,3,2022-08-06T22:05:00+01:00,2022-08-07T01:53:49.445+01:00,2634341,City of Westminster
Sunny and light winds,1,17,63,17,10,75,2022-08-08,1,Low chance of precipitation,1026,16,61,07:00,1,Good,1,Sunny,Light winds from the north north east,NNE,NNE,North North Easterly,6,4,2022-08-06T22:05:00+01:00,2022-08-07T01:53:49.445+01:00,2634341,City of Westminster
Sunny and light winds,1,18,65,17,11,71,2022-08-08,1,Low chance of precipitation,1027,17,63,08:00,1,Good,1,Sunny,Light winds from the north north east,NNE,NNE,North North Easterly,7,4,2022-08-06T22:05:00+01:00,2022-08-07T01:53:49.445+01:00,2634341,City of Westminster
Sunny and light winds,1,21,69,17,11,62,2022-08-08,2,Low chance of precipitation,1027,19,67,09:00,1,Good,1,Sunny,Light winds from the north north east,NNE,NNE,North North Easterly,7,4,2022-08-06T22:05:00+01:00,2022-08-07T01:53:49.445+01:00,2634341,City of Westminster
Sunny and light winds,1,23,73,17,11,53,2022-08-08,1,Low chance of precipitation,1027,21,71,10:00,1,Good,1,Sunny,Light winds from the north north east,NNE,NNE,North North Easterly,7,5,2022-08-06T22:05:00+01:00,2022-08-07T01:53:49.445+01:00,2634341,City of Westminster
Sunny and light winds,1,25,77,17,11,45,2022-08-08,0,Precipitation is not expected,1027,24,75,11:00,1,Good,1,Sunny,Light winds from the north east,NE,NE,North Easterly,7,4,2022-08-06T22:05:00+01:00,2022-08-07T01:53:49.445+01:00,2634341,City of Westminster
Sunny and light winds,1,27,80,17,11,40,2022-08-08,1,Low chance of precipitation,1027,25,77,12:00,1,Good,1,Sunny,Light winds from the east north east,ENE,ENE,East North Easterly,7,4,2022-08-06T22:05:00+01:00,2022-08-07T01:53:49.445+01:00,2634341,City of Westminster
Sunny and light winds,1,28,82,18,11,37,2022-08-08,1,Low chance of precipitation,1026,26,79,13:00,1,Good,1,Sunny,Light winds from the east north east,ENE,ENE,East North Easterly,7,5,2022-08-06T22:05:00+01:00,2022-08-07T01:53:49.445+01:00,2634341,City of Westminster
Sunny and light winds,1,29,83,19,12,35,2022-08-08,1,Low chance of precipitation,1026,27,81,14:00,1,Good,1,Sunny,Light winds from the east,E,E,Easterly,8,5,2022-08-06T22:05:00+01:00,2022-08-07T01:53:49.445+01:00,2634341,City of Westminster
Sunny and light winds,1,29,85,21,13,33,2022-08-08,0,Precipitation is not expected,1025,28,82,15:00,1,Good,1,Sunny,Light winds from the east,E,E,Easterly,9,6,2022-08-06T22:05:00+01:00,2022-08-07T01:53:49.445+01:00,2634341,City of Westminster
Sunny and light winds,1,29,85,22,14,33,2022-08-08,0,Precipitation is not expected,1025,28,83,16:00,1,Good,1,Sunny,Light winds from the east,E,E,Easterly,10,6,2022-08-06T22:05:00+01:00,2022-08-07T01:53:49.445+01:00,2634341,City of Westminster
Sunny intervals and light winds,3,29,85,23,14,34,2022-08-08,1,Low chance of precipitation,1025,28,82,17:00,1,Good,3,Sunny Intervals,Light winds from the east,E,E,Easterly,11,7,2022-08-06T22:05:00+01:00,2022-08-07T01:53:49.445+01:00,2634341,City of Westminster
Sunny intervals and light winds,3,29,84,24,15,36,2022-08-08,2,Low chance of precipitation,1025,27,81,18:00,1,Good,3,Sunny Intervals,Light winds from the east,E,E,Easterly,11,7,2022-08-06T22:05:00+01:00,2022-08-07T01:53:49.445+01:00,2634341,City of Westminster
Sunny intervals and light winds,3,28,83,23,14,38,2022-08-08,1,Low chance of precipitation,1025,26,79,19:00,1,Good,3,Sunny Intervals,Light winds from the east,E,E,Easterly,12,7,2022-08-06T22:05:00+01:00,2022-08-07T01:53:49.445+01:00,2634341,City of Westminster
Sunny intervals and light winds,3,27,80,21,13,43,2022-08-08,2,Low chance of precipitation,1026,25,77,20:00,1,Good,3,Sunny Intervals,Light winds from the east,E,E,Easterly,11,7,2022-08-06T22:05:00+01:00,2022-08-07T01:53:49.445+01:00,2634341,City of Westminster
Partly cloudy and light winds,2,25,78,19,12,49,2022-08-08,3,Low chance of precipitation,1027,23,74,21:00,1,Good,2,Partly Cloudy,Light winds from the east,E,E,Easterly,10,6,2022-08-06T22:05:00+01:00,2022-08-07T01:53:49.445+01:00,2634341,City of Westminster
Partly cloudy and light winds,2,24,75,17,11,55,2022-08-08,3,Low chance of precipitation,1028,22,71,22:00,1,Good,2,Partly Cloudy,Light winds from the east,E,E,Easterly,9,5,2022-08-06T22:05:00+01:00,2022-08-07T01:53:49.445+01:00,2634341,City of Westminster
Partly cloudy and light winds,2,23,73,17,10,61,2022-08-08,1,Low chance of precipitation,1027,21,69,23:00,1,Good,2,Partly Cloudy,Light winds from the east,E,E,Easterly,8,5,2022-08-06T22:05:00+01:00,2022-08-07T01:53:49.445+01:00,2634341,City of Westminster
Partly cloudy and light winds,2,21,71,16,10,67,2022-08-09,1,Low chance of precipitation,1028,20,67,00:00,1,Good,2,Partly Cloudy,Light winds from the east,E,E,Easterly,7,5,2022-08-06T22:05:00+01:00,2022-08-07T01:53:49.445+01:00,2634341,City of Westminster
Partly cloudy and light winds,2,21,69,16,10,72,2022-08-09,0,Precipitation is not expected,1028,19,66,01:00,1,Good,2,Partly Cloudy,Light winds from the east,E,E,Easterly,7,4,2022-08-06T22:05:00+01:00,2022-08-07T01:53:49.445+01:00,2634341,City of Westminster
Partly cloudy and light winds,2,20,68,14,9,75,2022-08-09,0,Precipitation is not expected,1028,18,65,02:00,1,Good,2,Partly Cloudy,Light winds from the east,E,E,Easterly,6,4,2022-08-06T22:05:00+01:00,2022-08-07T01:53:49.445+01:00,2634341,City of Westminster
Partly cloudy and light winds,2,20,67,14,8,78,2022-08-09,0,Precipitation is not expected,1028,18,64,03:00,1,Good,2,Partly Cloudy,Light winds from the east,E,E,Easterly,5,3,2022-08-06T22:05:00+01:00,2022-08-07T01:53:49.445+01:00,2634341,City of Westminster
Partly cloudy and light winds,2,19,66,13,8,82,2022-08-09,1,Low chance of precipitation,1028,17,63,04:00,1,Good,2,Partly Cloudy,Light winds from the east north east,ENE,ENE,East North Easterly,5,3,2022-08-06T22:05:00+01:00,2022-08-07T01:53:49.445+01:00,2634341,City of Westminster
Partly cloudy and light winds,2,19,65,13,8,85,2022-08-09,1,Low chance of precipitation,1028,17,62,05:00,1,Good,2,Partly Cloudy,Light winds from the north east,NE,NE,North Easterly,5,3,2022-08-06T22:05:00+01:00,2022-08-07T01:53:49.445+01:00,2634341,City of Westminster
Sunny intervals and light winds,3,19,65,14,9,87,2022-08-09,1,Low chance of precipitation,1028,17,62,06:00,1,Good,3,Sunny Intervals,Light winds from the north east,NE,NE,North Easterly,5,3,2022-08-06T22:05:00+01:00,2022-08-07T01:53:49.445+01:00,2634341,City of Westminster
Sunny intervals and light winds,3,19,66,14,9,85,2022-08-09,1,Low chance of precipitation,1028,17,63,07:00,1,Good,3,Sunny Intervals,Light winds from the north east,NE,NE,North Easterly,5,3,2022-08-06T22:05:00+01:00,2022-08-07T01:53:49.445+01:00,2634341,City of Westminster
Sunny and light winds,1,20,69,17,10,79,2022-08-09,1,Low chance of precipitation,1028,18,65,08:00,1,Good,1,Sunny,Light winds from the north east,NE,NE,North Easterly,6,4,2022-08-06T22:05:00+01:00,2022-08-07T01:53:49.445+01:00,2634341,City of Westminster
Sunny and light winds,1,23,73,19,12,69,2022-08-09,1,Low chance of precipitation,1028,20,68,09:00,1,Good,1,Sunny,Light winds from the north east,NE,NE,North Easterly,7,5,2022-08-06T22:05:00+01:00,2022-08-07T01:53:49.445+01:00,2634341,City of Westminster
Sunny and light winds,1,25,77,20,13,59,2022-08-09,1,Low chance of precipitation,1028,22,72,10:00,1,Good,1,Sunny,Light winds from the east north east,ENE,ENE,East North Easterly,9,5,2022-08-06T22:05:00+01:00,2022-08-07T01:53:49.445+01:00,2634341,City of Westminster
Sunny and light winds,1,27,80,22,14,50,2022-08-09,0,Precipitation is not expected,1028,24,76,11:00,1,Good,1,Sunny,Light winds from the east north east,ENE,ENE,East North Easterly,9,6,2022-08-06T22:05:00+01:00,2022-08-07T01:53:49.445+01:00,2634341,City of Westminster
Sunny and light winds,1,28,83,23,14,44,2022-08-09,0,Precipitation is not expected,1028,26,79,12:00,1,Good,1,Sunny,Light winds from the east north east,ENE,ENE,East North Easterly,10,6,2022-08-06T22:05:00+01:00,2022-08-07T01:53:49.445+01:00,2634341,City of Westminster
Sunny and light winds,1,29,84,24,15,40,2022-08-09,1,Low chance of precipitation,1028,27,80,13:00,1,Good,1,Sunny,Light winds from the east north east,ENE,ENE,East North Easterly,11,7,2022-08-06T22:05:00+01:00,2022-08-07T01:53:49.445+01:00,2634341,City of Westminster
Sunny and a gentle breeze,1,30,85,25,16,38,2022-08-09,1,Low chance of precipitation,1028,28,82,14:00,1,Good,1,Sunny,A gentle breeze from the east,E,E,Easterly,12,8,2022-08-06T22:05:00+01:00,2022-08-07T01:53:49.445+01:00,2634341,City of Westminster
Sunny and a gentle breeze,1,30,86,27,17,36,2022-08-09,0,Precipitation is not expected,1028,28,82,15:00,1,Good,1,Sunny,A gentle breeze from the east,E,E,Easterly,13,8,2022-08-06T22:05:00+01:00,2022-08-07T01:53:49.445+01:00,2634341,City of Westminster
Sunny and a gentle breeze,1,30,86,28,18,36,2022-08-09,0,Precipitation is not expected,1027,28,82,16:00,1,Good,1,Sunny,A gentle breeze from the east,E,E,Easterly,13,8,2022-08-06T22:05:00+01:00,2022-08-07T01:53:49.445+01:00,2634341,City of Westminster
Sunny and a gentle breeze,1,30,85,29,18,36,2022-08-09,1,Low chance of precipitation,1027,28,82,17:00,1,Good,1,Sunny,A gentle breeze from the east,E,E,Easterly,14,9,2022-08-06T22:05:00+01:00,2022-08-07T01:53:49.445+01:00,2634341,City of Westminster
Sunny intervals and a gentle breeze,3,29,84,28,18,38,2022-08-09,1,Low chance of precipitation,1027,27,81,18:00,1,Good,3,Sunny Intervals,A gentle breeze from the east,E,E,Easterly,14,9,2022-08-06T22:05:00+01:00,2022-08-07T01:53:49.445+01:00,2634341,City of Westminster
Sunny intervals and a gentle breeze,3,28,82,27,17,40,2022-08-09,1,Low chance of precipitation,1027,26,79,19:00,1,Good,3,Sunny Intervals,A gentle breeze from the east,E,E,Easterly,14,9,2022-08-06T22:05:00+01:00,2022-08-07T01:53:49.445+01:00,2634341,City of Westminster
Sunny intervals and a gentle breeze,3,27,80,24,15,44,2022-08-09,2,Low chance of precipitation,1027,25,77,20:00,1,Good,3,Sunny Intervals,A gentle breeze from the east,E,E,Easterly,13,8,2022-08-06T22:05:00+01:00,2022-08-07T01:53:49.445+01:00,2634341,City of Westminster
Partly cloudy and light winds,2,25,77,20,12,49,2022-08-09,3,Low chance of precipitation,1027,23,74,21:00,1,Good,2,Partly Cloudy,Light winds from the east,E,E,Easterly,12,7,2022-08-06T22:05:00+01:00,2022-08-07T01:53:49.445+01:00,2634341,City of Westminster
Partly cloudy and light winds,2,24,75,17,11,55,2022-08-09,3,Low chance of precipitation,1027,22,72,22:00,1,Good,2,Partly Cloudy,Light winds from the east,E,E,Easterly,10,6,2022-08-06T22:05:00+01:00,2022-08-07T01:53:49.445+01:00,2634341,City of Westminster
Partly cloudy and light winds,2,23,73,15,9,60,2022-08-09,1,Low chance of precipitation,1028,21,70,23:00,1,Good,2,Partly Cloudy,Light winds from the east,E,E,Easterly,9,6,2022-08-06T22:05:00+01:00,2022-08-07T01:53:49.445+01:00,2634341,City of Westminster
Partly cloudy and light winds,2,22,71,13,8,65,2022-08-10,1,Low chance of precipitation,1028,20,68,00:00,1,Good,2,Partly Cloudy,Light winds from the east,E,E,Easterly,8,5,2022-08-06T22:05:00+01:00,2022-08-07T01:53:49.445+01:00,2634341,City of Westminster
Partly cloudy and light winds,2,21,69,14,8,69,2022-08-10,1,Low chance of precipitation,1028,19,66,01:00,1,Good,2,Partly Cloudy,Light winds from the east,E,E,Easterly,7,4,2022-08-06T22:05:00+01:00,2022-08-07T01:53:49.445+01:00,2634341,City of Westminster
Partly cloudy and light winds,2,20,69,13,8,72,2022-08-10,0,Precipitation is not expected,1028,19,65,02:00,1,Good,2,Partly Cloudy,Light winds from the east north east,ENE,ENE,East North Easterly,6,4,2022-08-06T22:05:00+01:00,2022-08-07T01:53:49.445+01:00,2634341,City of Westminster
Partly cloudy and light winds,2,20,67,13,8,74,2022-08-10,0,Precipitation is not expected,1028,18,64,03:00,1,Good,2,Partly Cloudy,Light winds from the east north east,ENE,ENE,East North Easterly,6,4,2022-08-06T22:05:00+01:00,2022-08-07T01:53:49.445+01:00,2634341,City of Westminster
Partly cloudy and light winds,2,19,66,13,8,77,2022-08-10,1,Low chance of precipitation,1028,17,63,04:00,1,Good,2,Partly Cloudy,Light winds from the north east,NE,NE,North Easterly,5,3,2022-08-06T22:05:00+01:00,2022-08-07T01:53:49.445+01:00,2634341,City of Westminster
Partly cloudy and light winds,2,19,65,14,9,79,2022-08-10,2,Low chance of precipitation,1028,17,62,05:00,1,Good,2,Partly Cloudy,Light winds from the north east,NE,NE,North Easterly,6,4,2022-08-06T22:05:00+01:00,2022-08-07T01:53:49.445+01:00,2634341,City of Westminster
Sunny intervals and light winds,3,18,65,16,10,80,2022-08-10,2,Low chance of precipitation,1028,17,62,06:00,1,Good,3,Sunny Intervals,Light winds from the north east,NE,NE,North Easterly,6,4,2022-08-06T22:05:00+01:00,2022-08-07T01:53:49.445+01:00,2634341,City of Westminster
Sunny intervals and light winds,3,19,66,17,11,79,2022-08-10,2,Low chance of precipitation,1028,17,63,07:00,1,Good,3,Sunny Intervals,Light winds from the north east,NE,NE,North Easterly,7,4,2022-08-06T22:05:00+01:00,2022-08-07T01:53:49.445+01:00,2634341,City of Westminster
Sunny and light winds,1,20,69,20,13,73,2022-08-10,2,Low chance of precipitation,1028,18,65,08:00,1,Good,1,Sunny,Light winds from the north east,NE,NE,North Easterly,8,5,2022-08-06T22:05:00+01:00,2022-08-07T01:53:49.445+01:00,2634341,City of Westminster
Sunny and light winds,1,23,73,23,14,63,2022-08-10,2,Low chance of precipitation,1028,20,69,09:00,1,Good,1,Sunny,Light winds from the east north east,ENE,ENE,East North Easterly,10,6,2022-08-06T22:05:00+01:00,2022-08-07T01:53:49.445+01:00,2634341,City of Westminster
Sunny and light winds,1,25,77,26,16,53,2022-08-10,1,Low chance of precipitation,1028,23,73,10:00,1,Good,1,Sunny,Light winds from the east north east,ENE,ENE,East North Easterly,11,7,2022-08-06T22:05:00+01:00,2022-08-07T01:53:49.445+01:00,2634341,City of Westminster
Sunny and a gentle breeze,1,27,81,28,17,45,2022-08-10,0,Precipitation is not expected,1027,25,77,11:00,1,Good,1,Sunny,A gentle breeze from the east north east,ENE,ENE,East North Easterly,13,8,2022-08-06T22:05:00+01:00,2022-08-07T01:53:49.445+01:00,2634341,City of Westminster
Sunny and a gentle breeze,1,29,83,30,18,39,2022-08-10,0,Precipitation is not expected,1027,27,80,12:00,1,Good,1,Sunny,A gentle breeze from the east north east,ENE,ENE,East North Easterly,14,9,2022-08-06T22:05:00+01:00,2022-08-07T01:53:49.445+01:00,2634341,City of Westminster
Sunny and a gentle breeze,1,30,85,31,19,35,2022-08-10,1,Low chance of precipitation,1027,28,82,13:00,1,Good,1,Sunny,A gentle breeze from the east,E,E,Easterly,15,9,2022-08-06T22:05:00+01:00,2022-08-07T01:53:49.445+01:00,2634341,City of Westminster
Sunny and a gentle breeze,1,30,86,32,20,33,2022-08-10,1,Low chance of precipitation,1027,29,83,14:00,1,Good,1,Sunny,A gentle breeze from the east,E,E,Easterly,16,10,2022-08-06T22:05:00+01:00,2022-08-07T01:53:49.445+01:00,2634341,City of Westminster
Sunny and a gentle breeze,1,30,87,33,21,31,2022-08-10,0,Precipitation is not expected,1026,29,84,15:00,1,Good,1,Sunny,A gentle breeze from the east,E,E,Easterly,17,10,2022-08-06T22:05:00+01:00,2022-08-07T01:53:49.445+01:00,2634341,City of Westminster
Sunny and a gentle breeze,1,30,87,34,21,31,2022-08-10,0,Precipitation is not expected,1026,29,84,16:00,1,Good,1,Sunny,A gentle breeze from the east,E,E,Easterly,17,11,2022-08-06T22:05:00+01:00,2022-08-07T01:53:49.445+01:00,2634341,City of Westminster
Sunny and a gentle breeze,1,30,86,34,21,32,2022-08-10,1,Low chance of precipitation,1025,29,84,17:00,1,Good,1,Sunny,A gentle breeze from the east,E,E,Easterly,17,11,2022-08-06T22:05:00+01:00,2022-08-07T01:53:49.445+01:00,2634341,City of Westminster
Sunny and a gentle breeze,1,29,85,33,20,33,2022-08-10,2,Low chance of precipitation,1025,28,82,18:00,1,Good,1,Sunny,A gentle breeze from the east,E,E,Easterly,17,11,2022-08-06T22:05:00+01:00,2022-08-07T01:53:49.445+01:00,2634341,City of Westminster
Sunny and a gentle breeze,1,28,83,31,19,36,2022-08-10,1,Low chance of precipitation,1025,27,80,19:00,1,Good,1,Sunny,A gentle breeze from the east,E,E,Easterly,17,11,2022-08-06T22:05:00+01:00,2022-08-07T01:53:49.445+01:00,2634341,City of Westminster
Sunny intervals and a gentle breeze,3,27,80,28,17,40,2022-08-10,2,Low chance of precipitation,1025,25,77,20:00,1,Good,3,Sunny Intervals,A gentle breeze from the east,E,E,Easterly,16,10,2022-08-06T22:05:00+01:00,2022-08-07T01:53:49.445+01:00,2634341,City of Westminster
Partly cloudy and a gentle breeze,2,25,78,25,15,46,2022-08-10,3,Low chance of precipitation,1025,24,75,21:00,1,Good,2,Partly Cloudy,A gentle breeze from the east,E,E,Easterly,14,9,2022-08-06T22:05:00+01:00,2022-08-07T01:53:49.445+01:00,2634341,City of Westminster
A clear sky and a gentle breeze,0,24,75,22,14,51,2022-08-10,3,Low chance of precipitation,1025,22,72,22:00,1,Good,0,Clear Sky,A gentle breeze from the east,E,E,Easterly,13,8,2022-08-06T22:05:00+01:00,2022-08-07T01:53:49.445+01:00,2634341,City of Westminster
A clear sky and light winds,0,23,73,20,13,57,2022-08-10,1,Low chance of precipitation,1025,21,70,23:00,1,Good,0,Clear Sky,Light winds from the east north east,ENE,ENE,East North Easterly,12,7,2022-08-06T22:05:00+01:00,2022-08-07T01:53:49.445+01:00,2634341,City of Westminster
Partly cloudy and light winds,2,22,72,19,12,62,2022-08-11,1,Low chance of precipitation,1025,20,68,00:00,1,Good,2,Partly Cloudy,Light winds from the east north east,ENE,ENE,East North Easterly,11,7,2022-08-06T22:05:00+01:00,2022-08-07T01:53:49.445+01:00,2634341,City of Westminster
Partly cloudy and light winds,2,21,70,19,12,67,2022-08-11,1,Low chance of precipitation,1025,19,67,01:00,1,Good,2,Partly Cloudy,Light winds from the east north east,ENE,ENE,East North Easterly,9,6,2022-08-06T22:05:00+01:00,2022-08-07T01:53:49.445+01:00,2634341,City of Westminster
Partly cloudy and light winds,2,21,69,18,11,71,2022-08-11,0,Precipitation is not expected,1025,19,66,02:00,1,Good,2,Partly Cloudy,Light winds from the east north east,ENE,ENE,East North Easterly,9,5,2022-08-06T22:05:00+01:00,2022-08-07T01:53:49.445+01:00,2634341,City of Westminster
Partly cloudy and light winds,2,20,68,18,11,74,2022-08-11,1,Low chance of precipitation,1025,18,65,03:00,1,Good,2,Partly Cloudy,Light winds from the north east,NE,NE,North Easterly,8,5,2022-08-06T22:05:00+01:00,2022-08-07T01:53:49.445+01:00,2634341,City of Westminster
Partly cloudy and light winds,2,19,67,17,11,77,2022-08-11,2,Low chance of precipitation,1024,18,64,04:00,1,Good,2,Partly Cloudy,Light winds from the north east,NE,NE,North Easterly,8,5,2022-08-06T22:05:00+01:00,2022-08-07T01:53:49.445+01:00,2634341,City of Westminster
Partly cloudy and light winds,2,19,67,18,11,79,2022-08-11,3,Low chance of precipitation,1024,17,63,05:00,1,Good,2,Partly Cloudy,Light winds from the north east,NE,NE,North Easterly,8,5,2022-08-06T22:05:00+01:00,2022-08-07T01:53:49.445+01:00,2634341,City of Westminster
Sunny and light winds,1,19,67,19,12,80,2022-08-11,3,Low chance of precipitation,1024,17,63,06:00,1,Good,1,Sunny,Light winds from the north east,NE,NE,North Easterly,9,5,2022-08-06T22:05:00+01:00,2022-08-07T01:53:49.445+01:00,2634341,City of Westminster
Sunny and light winds,1,20,68,21,13,78,2022-08-11,2,Low chance of precipitation,1024,18,64,07:00,1,Good,1,Sunny,Light winds from the north east,NE,NE,North Easterly,9,6,2022-08-06T22:05:00+01:00,2022-08-07T01:53:49.445+01:00,2634341,City of Westminster
Sunny and light winds,1,22,72,24,15,70,2022-08-11,3,Low chance of precipitation,1023,20,67,08:00,1,Good,1,Sunny,Light winds from the east north east,ENE,ENE,East North Easterly,11,7,2022-08-06T22:05:00+01:00,2022-08-07T01:53:49.445+01:00,2634341,City of Westminster
Sunny and a gentle breeze,1,25,77,27,17,60,2022-08-11,3,Low chance of precipitation,1023,22,72,09:00,1,Good,1,Sunny,A gentle breeze from the east north east,ENE,ENE,East North Easterly,13,8,2022-08-06T22:05:00+01:00,2022-08-07T01:53:49.445+01:00,2634341,City of Westminster
Sunny and a gentle breeze,1,27,82,30,19,49,2022-08-11,1,Low chance of precipitation,1023,25,77,10:00,1,Good,1,Sunny,A gentle breeze from the east north east,ENE,ENE,East North Easterly,14,9,2022-08-06T22:05:00+01:00,2022-08-07T01:53:49.445+01:00,2634341,City of Westminster
Sunny and a gentle breeze,1,30,86,33,20,40,2022-08-11,0,Precipitation is not expected,1023,27,81,11:00,1,Good,1,Sunny,A gentle breeze from the east,E,E,Easterly,16,10,2022-08-06T22:05:00+01:00,2022-08-07T01:53:49.445+01:00,2634341,City of Westminster
Sunny and a gentle breeze,1,32,89,35,22,34,2022-08-11,1,Low chance of precipitation,1023,29,85,12:00,1,Good,1,Sunny,A gentle breeze from the east,E,E,Easterly,17,11,2022-08-06T22:05:00+01:00,2022-08-07T01:53:49.445+01:00,2634341,City of Westminster
Sunny and a gentle breeze,1,33,91,36,22,31,2022-08-11,1,Low chance of precipitation,1022,31,88,13:00,1,Good,1,Sunny,A gentle breeze from the east,E,E,Easterly,18,11,2022-08-06T22:05:00+01:00,2022-08-07T01:53:49.445+01:00,2634341,City of Westminster
Sunny and a gentle breeze,1,33,92,37,23,29,2022-08-11,1,Low chance of precipitation,1022,31,89,14:00,1,Good,1,Sunny,A gentle breeze from the east,E,E,Easterly,19,12,2022-08-06T22:05:00+01:00,2022-08-07T01:53:49.445+01:00,2634341,City of Westminster
Sunny and a gentle breeze,1,33,92,38,24,28,2022-08-11,1,Low chance of precipitation,1022,32,89,15:00,1,Good,1,Sunny,A gentle breeze from the east,E,E,Easterly,20,12,2022-08-06T22:05:00+01:00,2022-08-07T01:53:49.445+01:00,2634341,City of Westminster
Sunny and a gentle breeze,1,33,91,39,24,29,2022-08-11,0,Precipitation is not expected,1022,31,88,16:00,1,Good,1,Sunny,A gentle breeze from the east,E,E,Easterly,20,12,2022-08-06T22:05:00+01:00,2022-08-07T01:53:49.445+01:00,2634341,City of Westminster
Sunny and a moderate breeze,1,32,90,39,24,30,2022-08-11,1,Low chance of precipitation,1021,31,87,17:00,1,Good,1,Sunny,A moderate breeze from the east,E,E,Easterly,20,13,2022-08-06T22:05:00+01:00,2022-08-07T01:53:49.445+01:00,2634341,City of Westminster
Sunny and a gentle breeze,1,31,88,37,23,33,2022-08-11,2,Low chance of precipitation,1021,29,85,18:00,1,Good,1,Sunny,A gentle breeze from the east,E,E,Easterly,20,12,2022-08-06T22:05:00+01:00,2022-08-07T01:53:49.445+01:00,2634341,City of Westminster
Sunny and a gentle breeze,1,30,86,35,22,36,2022-08-11,1,Low chance of precipitation,1021,28,82,19:00,1,Good,1,Sunny,A gentle breeze from the east,E,E,Easterly,19,12,2022-08-06T22:05:00+01:00,2022-08-07T01:53:49.445+01:00,2634341,City of Westminster
Sunny and a gentle breeze,1,28,83,32,20,41,2022-08-11,2,Low chance of precipitation,1021,26,79,20:00,1,Good,1,Sunny,A gentle breeze from the east,E,E,Easterly,18,11,2022-08-06T22:05:00+01:00,2022-08-07T01:53:49.445+01:00,2634341,City of Westminster
A clear sky and a gentle breeze,0,27,81,28,18,46,2022-08-11,3,Low chance of precipitation,1021,25,77,21:00,1,Good,0,Clear Sky,A gentle breeze from the east,E,E,Easterly,16,10,2022-08-06T22:05:00+01:00,2022-08-07T01:53:49.445+01:00,2634341,City of Westminster
A clear sky and a gentle breeze,0,26,79,25,16,51,2022-08-11,3,Low chance of precipitation,1021,24,75,22:00,1,Good,0,Clear Sky,A gentle breeze from the east,E,E,Easterly,14,9,2022-08-06T22:05:00+01:00,2022-08-07T01:53:49.445+01:00,2634341,City of Westminster
A clear sky and a gentle breeze,0,25,77,23,14,56,2022-08-11,1,Low chance of precipitation,1021,23,73,23:00,1,Good,0,Clear Sky,A gentle breeze from the east north east,ENE,ENE,East North Easterly,13,8,2022-08-06T22:05:00+01:00,2022-08-07T01:53:49.445+01:00,2634341,City of Westminster
Partly cloudy and light winds,2,24,75,21,13,61,2022-08-12,1,Low chance of precipitation,1021,21,71,00:00,1,Good,2,Partly Cloudy,Light winds from the east north east,ENE,ENE,East North Easterly,12,7,2022-08-06T22:05:00+01:00,2022-08-07T01:53:49.445+01:00,2634341,City of Westminster
Partly cloudy and light winds,2,23,73,21,13,66,2022-08-12,1,Low chance of precipitation,1021,21,69,01:00,1,Good,2,Partly Cloudy,Light winds from the east north east,ENE,ENE,East North Easterly,11,7,2022-08-06T22:05:00+01:00,2022-08-07T01:53:49.445+01:00,2634341,City of Westminster
Partly cloudy and light winds,2,22,72,19,12,69,2022-08-12,0,Precipitation is not expected,1021,20,68,02:00,1,Good,2,Partly Cloudy,Light winds from the east north east,ENE,ENE,East North Easterly,9,6,2022-08-06T22:05:00+01:00,2022-08-07T01:53:49.445+01:00,2634341,City of Westminster
Partly cloudy and light winds,2,21,71,19,12,71,2022-08-12,1,Low chance of precipitation,1021,19,67,03:00,1,Good,2,Partly Cloudy,Light winds from the east north east,ENE,ENE,East North Easterly,9,6,2022-08-06T22:05:00+01:00,2022-08-07T01:53:49.445+01:00,2634341,City of Westminster
Partly cloudy and light winds,2,21,69,18,11,74,2022-08-12,1,Low chance of precipitation,1021,19,65,04:00,1,Good,2,Partly Cloudy,Light winds from the north east,NE,NE,North Easterly,9,5,2022-08-06T22:05:00+01:00,2022-08-07T01:53:49.445+01:00,2634341,City of Westminster
Partly cloudy and light winds,2,20,68,18,11,76,2022-08-12,2,Low chance of precipitation,1021,18,64,05:00,1,Good,2,Partly Cloudy,Light winds from the east north east,ENE,ENE,East North Easterly,8,5,2022-08-06T22:05:00+01:00,2022-08-07T01:53:49.445+01:00,2634341,City of Westminster
Sunny intervals and light winds,3,20,67,19,12,77,2022-08-12,2,Low chance of precipitation,1020,18,64,06:00,1,Good,3,Sunny Intervals,Light winds from the east north east,ENE,ENE,East North Easterly,8,5,2022-08-06T22:05:00+01:00,2022-08-07T01:53:49.445+01:00,2634341,City of Westminster
Sunny and light winds,1,20,68,20,12,74,2022-08-12,2,Low chance of precipitation,1020,18,65,07:00,1,Good,1,Sunny,Light winds from the east north east,ENE,ENE,East North Easterly,9,6,2022-08-06T22:05:00+01:00,2022-08-07T01:53:49.445+01:00,2634341,City of Westminster
Sunny and light winds,1,22,71,23,14,67,2022-08-12,2,Low chance of precipitation,1020,20,68,08:00,1,Good,1,Sunny,Light winds from the east north east,ENE,ENE,East North Easterly,10,6,2022-08-06T22:05:00+01:00,2022-08-07T01:53:49.445+01:00,2634341,City of Westminster
Sunny and light winds,1,25,77,25,16,56,2022-08-12,2,Low chance of precipitation,1020,23,73,09:00,1,Good,1,Sunny,Light winds from the east north east,ENE,ENE,East North Easterly,12,7,2022-08-06T22:05:00+01:00,2022-08-07T01:53:49.445+01:00,2634341,City of Westminster
Sunny and a gentle breeze,1,28,82,27,17,45,2022-08-12,1,Low chance of precipitation,1019,25,78,10:00,1,Good,1,Sunny,A gentle breeze from the east north east,ENE,ENE,East North Easterly,13,8,2022-08-06T22:05:00+01:00,2022-08-07T01:53:49.445+01:00,2634341,City of Westminster
Sunny and a gentle breeze,1,31,87,29,18,37,2022-08-12,0,Precipitation is not expected,1019,28,83,11:00,1,Good,1,Sunny,A gentle breeze from the east,E,E,Easterly,14,9,2022-08-06T22:05:00+01:00,2022-08-07T01:53:49.445+01:00,2634341,City of Westminster
Sunny and a gentle breeze,1,33,90,31,19,31,2022-08-12,1,Low chance of precipitation,1019,31,87,12:00,1,Good,1,Sunny,A gentle breeze from the east,E,E,Easterly,15,10,2022-08-06T22:05:00+01:00,2022-08-07T01:53:49.445+01:00,2634341,City of Westminster
Sunny and a gentle breeze,1,34,93,32,20,28,2022-08-12,1,Low chance of precipitation,1019,32,90,13:00,1,Good,1,Sunny,A gentle breeze from the east,E,E,Easterly,16,10,2022-08-06T22:05:00+01:00,2022-08-07T01:53:49.445+01:00,2634341,City of Westminster
Sunny and a gentle breeze,1,34,94,32,20,26,2022-08-12,2,Low chance of precipitation,1019,33,91,14:00,1,Good,1,Sunny,A gentle breeze from the east,E,E,Easterly,17,11,2022-08-06T22:05:00+01:00,2022-08-07T01:53:49.445+01:00,2634341,City of Westminster
Sunny and a gentle breeze,1,34,94,33,21,25,2022-08-12,1,Low chance of precipitation,1018,33,91,15:00,1,Good,1,Sunny,A gentle breeze from the east,E,E,Easterly,17,11,2022-08-06T22:05:00+01:00,2022-08-07T01:53:49.445+01:00,2634341,City of Westminster
Sunny and a gentle breeze,1,34,93,34,21,26,2022-08-12,1,Low chance of precipitation,1018,33,91,16:00,1,Good,1,Sunny,A gentle breeze from the east,E,E,Easterly,18,11,2022-08-06T22:05:00+01:00,2022-08-07T01:53:49.445+01:00,2634341,City of Westminster
Sunny and a gentle breeze,1,33,92,33,21,27,2022-08-12,2,Low chance of precipitation,1018,32,89,17:00,1,Good,1,Sunny,A gentle breeze from the east,E,E,Easterly,18,11,2022-08-06T22:05:00+01:00,2022-08-07T01:53:49.445+01:00,2634341,City of Westminster
Sunny and a gentle breeze,1,32,90,32,20,29,2022-08-12,3,Low chance of precipitation,1018,31,87,18:00,1,Good,1,Sunny,A gentle breeze from the east,E,E,Easterly,17,11,2022-08-06T22:05:00+01:00,2022-08-07T01:53:49.445+01:00,2634341,City of Westminster
Sunny and a gentle breeze,1,31,88,30,19,33,2022-08-12,2,Low chance of precipitation,1018,29,85,19:00,1,Good,1,Sunny,A gentle breeze from the east,E,E,Easterly,17,10,2022-08-06T22:05:00+01:00,2022-08-07T01:53:49.445+01:00,2634341,City of Westminster
Sunny and a gentle breeze,1,30,85,28,17,37,2022-08-12,3,Low chance of precipitation,1018,28,82,20:00,1,Good,1,Sunny,A gentle breeze from the east,E,E,Easterly,16,10,2022-08-06T22:05:00+01:00,2022-08-07T01:53:49.445+01:00,2634341,City of Westminster
Partly cloudy and a gentle breeze,2,28,83,26,16,42,2022-08-12,5,Low chance of precipitation,1018,26,79,21:00,1,Good,2,Partly Cloudy,A gentle breeze from the east,E,E,Easterly,14,9,2022-08-06T22:05:00+01:00,2022-08-07T01:53:49.445+01:00,2634341,City of Westminster
Partly cloudy and a gentle breeze,2,27,81,24,15,47,2022-08-12,5,Low chance of precipitation,1018,25,77,22:00,1,Good,2,Partly Cloudy,A gentle breeze from the east north east,ENE,ENE,East North Easterly,13,8,2022-08-06T22:05:00+01:00,2022-08-07T01:53:49.445+01:00,2634341,City of Westminster
Partly cloudy and light winds,2,26,79,22,14,52,2022-08-12,3,Low chance of precipitation,1018,24,75,23:00,1,Good,2,Partly Cloudy,Light winds from the east north east,ENE,ENE,East North Easterly,12,7,2022-08-06T22:05:00+01:00,2022-08-07T01:53:49.445+01:00,2634341,City of Westminster
Partly cloudy and light winds,2,25,78,21,13,57,2022-08-13,3,Low chance of precipitation,1018,23,73,00:00,1,Good,2,Partly Cloudy,Light winds from the east north east,ENE,ENE,East North Easterly,11,7,2022-08-06T22:05:00+01:00,2022-08-07T01:53:49.445+01:00,2634341,City of Westminster
Partly cloudy and light winds,2,25,76,21,13,61,2022-08-13,3,Low chance of precipitation,1018,22,71,01:00,1,Good,2,Partly Cloudy,Light winds from the north east,NE,NE,North Easterly,10,6,2022-08-06T22:05:00+01:00,2022-08-07T01:53:49.445+01:00,2634341,City of Westminster
Partly cloudy and light winds,2,24,75,20,12,65,2022-08-13,2,Low chance of precipitation,1018,21,70,02:00,1,Good,2,Partly Cloudy,Light winds from the north east,NE,NE,North Easterly,9,6,2022-08-06T22:05:00+01:00,2022-08-07T01:53:49.445+01:00,2634341,City of Westminster
Partly cloudy and light winds,2,23,74,19,12,68,2022-08-13,3,Low chance of precipitation,1018,21,69,03:00,1,Good,2,Partly Cloudy,Light winds from the north east,NE,NE,North Easterly,9,6,2022-08-06T22:05:00+01:00,2022-08-07T01:53:49.445+01:00,2634341,City of Westminster
Partly cloudy and light winds,2,23,73,18,11,71,2022-08-13,4,Low chance of precipitation,1018,20,68,04:00,1,Good,2,Partly Cloudy,Light winds from the north east,NE,NE,North Easterly,9,5,2022-08-06T22:05:00+01:00,2022-08-07T01:53:49.445+01:00,2634341,City of Westminster
Partly cloudy and light winds,2,22,72,18,11,74,2022-08-13,5,Low chance of precipitation,1017,20,67,05:00,1,Good,2,Partly Cloudy,Light winds from the north east,NE,NE,North Easterly,8,5,2022-08-06T22:05:00+01:00,2022-08-07T01:53:49.445+01:00,2634341,City of Westminster
Sunny intervals and light winds,3,22,72,19,12,75,2022-08-13,5,Low chance of precipitation,1017,20,67,06:00,1,Good,3,Sunny Intervals,Light winds from the north east,NE,NE,North Easterly,8,5,2022-08-06T22:05:00+01:00,2022-08-07T01:53:49.445+01:00,2634341,City of Westminster
Sunny intervals and light winds,3,23,73,20,12,73,2022-08-13,4,Low chance of precipitation,1017,20,68,07:00,1,Good,3,Sunny Intervals,Light winds from the north east,NE,NE,North Easterly,9,5,2022-08-06T22:05:00+01:00,2022-08-07T01:53:49.445+01:00,2634341,City of Westminster
Sunny intervals and light winds,3,25,77,22,14,67,2022-08-13,4,Low chance of precipitation,1017,22,71,08:00,1,Good,3,Sunny Intervals,Light winds from the north east,NE,NE,North Easterly,10,6,2022-08-06T22:05:00+01:00,2022-08-07T01:53:49.445+01:00,2634341,City of Westminster
Sunny and light winds,1,27,81,25,15,56,2022-08-13,3,Low chance of precipitation,1017,24,75,09:00,1,Good,1,Sunny,Light winds from the north east,NE,NE,North Easterly,11,7,2022-08-06T22:05:00+01:00,2022-08-07T01:53:49.445+01:00,2634341,City of Westminster
Sunny and light winds,1,30,86,26,16,45,2022-08-13,2,Low chance of precipitation,1016,27,80,10:00,1,Good,1,Sunny,Light winds from the east north east,ENE,ENE,East North Easterly,12,7,2022-08-06T22:05:00+01:00,2022-08-07T01:53:49.445+01:00,2634341,City of Westminster
Sunny and a gentle breeze,1,32,90,28,17,36,2022-08-13,0,Precipitation is not expected,1016,29,85,11:00,1,Good,1,Sunny,A gentle breeze from the east north east,ENE,ENE,East North Easterly,13,8,2022-08-06T22:05:00+01:00,2022-08-07T01:53:49.445+01:00,2634341,City of Westminster
Sunny and a gentle breeze,1,34,93,29,18,31,2022-08-13,0,Precipitation is not expected,1016,31,89,12:00,1,Good,1,Sunny,A gentle breeze from the east north east,ENE,ENE,East North Easterly,13,8,2022-08-06T22:05:00+01:00,2022-08-07T01:53:49.445+01:00,2634341,City of Westminster
Sunny and a gentle breeze,1,35,95,30,19,28,2022-08-13,2,Low chance of precipitation,1016,33,91,13:00,1,Good,1,Sunny,A gentle breeze from the east,E,E,Easterly,14,9,2022-08-06T22:05:00+01:00,2022-08-07T01:53:49.445+01:00,2634341,City of Westminster
Sunny and a gentle breeze,1,35,96,31,19,26,2022-08-13,2,Low chance of precipitation,1016,33,92,14:00,1,Good,1,Sunny,A gentle breeze from the east,E,E,Easterly,15,9,2022-08-06T22:05:00+01:00,2022-08-07T01:53:49.445+01:00,2634341,City of Westminster
Sunny and a gentle breeze,1,35,95,32,20,26,2022-08-13,2,Low chance of precipitation,1015,33,92,15:00,1,Good,1,Sunny,A gentle breeze from the east,E,E,Easterly,15,9,2022-08-06T22:05:00+01:00,2022-08-07T01:53:49.445+01:00,2634341,City of Westminster
Sunny and a gentle breeze,1,35,95,32,20,28,2022-08-13,3,Low chance of precipitation,1015,33,91,16:00,1,Good,1,Sunny,A gentle breeze from the east,E,E,Easterly,16,10,2022-08-06T22:05:00+01:00,2022-08-07T01:53:49.445+01:00,2634341,City of Westminster
Sunny and a gentle breeze,1,34,94,32,20,31,2022-08-13,4,Low chance of precipitation,1015,32,90,17:00,1,Good,1,Sunny,A gentle breeze from the east,E,E,Easterly,16,10,2022-08-06T22:05:00+01:00,2022-08-07T01:53:49.445+01:00,2634341,City of Westminster
Sunny and a gentle breeze,1,33,92,31,19,33,2022-08-13,5,Low chance of precipitation,1015,31,87,18:00,1,Good,1,Sunny,A gentle breeze from the east,E,E,Easterly,16,10,2022-08-06T22:05:00+01:00,2022-08-07T01:53:49.445+01:00,2634341,City of Westminster
Sunny intervals and a gentle breeze,3,32,90,29,18,38,2022-08-13,5,Low chance of precipitation,1014,29,85,19:00,1,Good,3,Sunny Intervals,A gentle breeze from the east,E,E,Easterly,16,10,2022-08-06T22:05:00+01:00,2022-08-07T01:53:49.445+01:00,2634341,City of Westminster
Sunny intervals and a gentle breeze,3,31,87,26,16,43,2022-08-13,5,Low chance of precipitation,1014,27,81,20:00,1,Good,3,Sunny Intervals,A gentle breeze from the east,E,E,Easterly,15,9,2022-08-06T22:05:00+01:00,2022-08-07T01:53:49.445+01:00,2634341,City of Westminster
Partly cloudy and a gentle breeze,2,29,84,22,14,48,2022-08-13,7,Low chance of precipitation,1015,26,79,21:00,1,Good,2,Partly Cloudy,A gentle breeze from the east,E,E,Easterly,13,8,2022-08-06T22:05:00+01:00,2022-08-07T01:53:49.445+01:00,2634341,City of Westminster
Partly cloudy and light winds,2,28,82,20,12,53,2022-08-13,6,Low chance of precipitation,1015,25,77,22:00,1,Good,2,Partly Cloudy,Light winds from the east,E,E,Easterly,11,7,2022-08-06T22:05:00+01:00,2022-08-07T01:53:49.445+01:00,2634341,City of Westminster
Partly cloudy and light winds,2,27,81,18,11,58,2022-08-13,4,Low chance of precipitation,1015,24,75,23:00,1,Good,2,Partly Cloudy,Light winds from the east north east,ENE,ENE,East North Easterly,10,6,2022-08-06T22:05:00+01:00,2022-08-07T01:53:49.445+01:00,2634341,City of Westminster
Partly cloudy and light winds,2,26,79,16,10,62,2022-08-14,3,Low chance of precipitation,1015,23,73,00:00,1,Good,2,Partly Cloudy,Light winds from the east north east,ENE,ENE,East North Easterly,9,6,2022-08-06T22:05:00+01:00,2022-08-07T01:53:49.445+01:00,2634341,City of Westminster
Partly cloudy and light winds,2,25,77,16,10,66,2022-08-14,3,Low chance of precipitation,1015,22,71,01:00,1,Good,2,Partly Cloudy,Light winds from the north east,NE,NE,North Easterly,8,5,2022-08-06T22:05:00+01:00,2022-08-07T01:53:49.445+01:00,2634341,City of Westminster
Light cloud and light winds,36,24,76,15,9,69,2022-08-14,3,Low chance of precipitation,1015,21,70,02:00,1,Good,7,Light Cloud,Light winds from the north east,NE,NE,North Easterly,7,5,2022-08-06T22:05:00+01:00,2022-08-07T01:53:49.445+01:00,2634341,City of Westminster
Light cloud and light winds,36,23,74,14,9,72,2022-08-14,4,Low chance of precipitation,1015,21,69,03:00,1,Good,7,Light Cloud,Light winds from the north east,NE,NE,North Easterly,7,4,2022-08-06T22:05:00+01:00,2022-08-07T01:53:49.445+01:00,2634341,City of Westminster
Light cloud and light winds,36,23,73,14,8,74,2022-08-14,5,Low chance of precipitation,1014,20,68,04:00,1,Good,7,Light Cloud,Light winds from the north east,NE,NE,North Easterly,7,4,2022-08-06T22:05:00+01:00,2022-08-07T01:53:49.445+01:00,2634341,City of Westminster
Light cloud and light winds,36,22,72,14,8,76,2022-08-14,6,Low chance of precipitation,1014,19,67,05:00,1,Good,7,Light Cloud,Light winds from the north east,NE,NE,North Easterly,6,4,2022-08-06T22:05:00+01:00,2022-08-07T01:53:49.445+01:00,2634341,City of Westminster
Sunny intervals and light winds,3,22,71,14,9,77,2022-08-14,6,Low chance of precipitation,1014,19,67,06:00,1,Good,3,Sunny Intervals,Light winds from the north east,NE,NE,North Easterly,6,4,2022-08-07T01:53:49+01:00,2022-08-07T01:53:49.445+01:00,2634341,City of Westminster
Sunny intervals and light winds,3,22,72,15,9,75,2022-08-14,6,Low chance of precipitation,1014,20,67,07:00,1,Good,3,Sunny Intervals,Light winds from the north east,NE,NE,North Easterly,7,4,2022-08-07T01:53:49+01:00,2022-08-07T01:53:49.445+01:00,2634341,City of Westminster
Sunny intervals and light winds,3,24,75,18,11,70,2022-08-14,5,Low chance of precipitation,1013,21,69,08:00,1,Good,3,Sunny Intervals,Light winds from the north east,NE,NE,North Easterly,8,5,2022-08-07T01:53:49+01:00,2022-08-07T01:53:49.445+01:00,2634341,City of Westminster
Sunny and light winds,1,26,79,20,12,61,2022-08-14,4,Low chance of precipitation,1013,23,73,09:00,1,Good,1,Sunny,Light winds from the north east,NE,NE,North Easterly,9,6,2022-08-07T01:53:49+01:00,2022-08-07T01:53:49.445+01:00,2634341,City of Westminster
Sunny and light winds,1,29,84,22,14,52,2022-08-14,2,Low chance of precipitation,1013,25,78,10:00,1,Good,1,Sunny,Light winds from the north east,NE,NE,North Easterly,10,6,2022-08-07T01:53:49+01:00,2022-08-07T01:53:49.445+01:00,2634341,City of Westminster
Sunny and light winds,1,31,88,23,14,44,2022-08-14,1,Low chance of precipitation,1012,28,82,11:00,1,Good,1,Sunny,Light winds from the east north east,ENE,ENE,East North Easterly,11,7,2022-08-07T01:53:49+01:00,2022-08-07T01:53:49.445+01:00,2634341,City of Westminster
Sunny and light winds,1,33,90,25,15,39,2022-08-14,1,Low chance of precipitation,1012,29,85,12:00,1,Good,1,Sunny,Light winds from the east,E,E,Easterly,12,7,2022-08-07T01:53:49+01:00,2022-08-07T01:53:49.445+01:00,2634341,City of Westminster
Sunny and a gentle breeze,1,33,92,25,16,36,2022-08-14,2,Low chance of precipitation,1012,30,87,13:00,1,Good,1,Sunny,A gentle breeze from the east south east,ESE,ESE,East South Easterly,12,8,2022-08-07T01:53:49+01:00,2022-08-07T01:53:49.445+01:00,2634341,City of Westminster
Sunny and a gentle breeze,1,34,93,26,16,34,2022-08-14,3,Low chance of precipitation,1011,31,88,14:00,1,Good,1,Sunny,A gentle breeze from the east south east,ESE,ESE,East South Easterly,13,8,2022-08-07T01:53:49+01:00,2022-08-07T01:53:49.445+01:00,2634341,City of Westminster
Sunny and a gentle breeze,1,34,94,27,17,34,2022-08-14,3,Low chance of precipitation,1011,31,88,15:00,1,Good,1,Sunny,A gentle breeze from the east south east,ESE,ESE,East South Easterly,14,8,2022-08-07T01:53:49+01:00,2022-08-07T01:53:49.445+01:00,2634341,City of Westminster
Sunny and a gentle breeze,1,34,93,27,17,35,2022-08-14,3,Low chance of precipitation,1011,31,88,16:00,1,Good,1,Sunny,A gentle breeze from the east south east,ESE,ESE,East South Easterly,14,9,2022-08-07T01:53:49+01:00,2022-08-07T01:53:49.445+01:00,2634341,City of Westminster
Sunny intervals and a gentle breeze,3,34,93,27,17,36,2022-08-14,4,Low chance of precipitation,1010,31,87,17:00,1,Good,3,Sunny Intervals,A gentle breeze from the east south east,ESE,ESE,East South Easterly,14,9,2022-08-07T01:53:49+01:00,2022-08-07T01:53:49.445+01:00,2634341,City of Westminster
Sunny intervals and a gentle breeze,3,33,91,26,16,39,2022-08-14,5,Low chance of precipitation,1010,30,85,18:00,1,Good,3,Sunny Intervals,A gentle breeze from the east south east,ESE,ESE,East South Easterly,14,9,2022-08-07T01:53:49+01:00,2022-08-07T01:53:49.445+01:00,2634341,City of Westminster
Sunny intervals and a gentle breeze,3,32,89,25,16,42,2022-08-14,5,Low chance of precipitation,1010,28,83,19:00,1,Good,3,Sunny Intervals,A gentle breeze from the east south east,ESE,ESE,East South Easterly,14,9,2022-08-07T01:53:49+01:00,2022-08-07T01:53:49.445+01:00,2634341,City of Westminster
Sunny intervals and a gentle breeze,3,30,87,23,14,47,2022-08-14,6,Low chance of precipitation,1010,27,80,20:00,1,Good,3,Sunny Intervals,A gentle breeze from the east,E,E,Easterly,13,8,2022-08-07T01:53:49+01:00,2022-08-07T01:53:49.445+01:00,2634341,City of Westminster
Partly cloudy and light winds,2,29,84,21,13,52,2022-08-14,7,Low chance of precipitation,1011,25,78,21:00,1,Good,2,Partly Cloudy,Light winds from the east,E,E,Easterly,12,7,2022-08-07T01:53:49+01:00,2022-08-07T01:53:49.445+01:00,2634341,City of Westminster
Partly cloudy and light winds,2,28,82,19,12,56,2022-08-14,7,Low chance of precipitation,1011,24,76,22:00,1,Good,2,Partly Cloudy,Light winds from the east,E,E,Easterly,11,7,2022-08-07T01:53:49+01:00,2022-08-07T01:53:49.445+01:00,2634341,City of Westminster
Partly cloudy and light winds,2,27,80,18,11,60,2022-08-14,5,Low chance of precipitation,1011,23,74,23:00,1,Good,2,Partly Cloudy,Light winds from the east north east,ENE,ENE,East North Easterly,10,6,2022-08-07T01:53:49+01:00,2022-08-07T01:53:49.445+01:00,2634341,City of Westminster
Partly cloudy and light winds,2,26,78,17,11,64,2022-08-15,4,Low chance of precipitation,1012,22,72,00:00,1,Good,2,Partly Cloudy,Light winds from the north east,NE,NE,North Easterly,9,6,2022-08-07T01:53:49+01:00,2022-08-07T01:53:49.445+01:00,2634341,City of Westminster
Light cloud and light winds,36,25,77,18,11,67,2022-08-15,4,Low chance of precipitation,1012,22,71,01:00,1,Good,7,Light Cloud,Light winds from the north north east,NNE,NNE,North North Easterly,9,5,2022-08-07T01:53:49+01:00,2022-08-07T01:53:49.445+01:00,2634341,City of Westminster
Light cloud and light winds,36,24,75,17,10,70,2022-08-15,4,Low chance of precipitation,1012,21,70,02:00,1,Good,7,Light Cloud,Light winds from the north,N,N,Northerly,8,5,2022-08-07T01:53:49+01:00,2022-08-07T01:53:49.445+01:00,2634341,City of Westminster
Light cloud and light winds,36,23,74,16,10,72,2022-08-15,5,Low chance of precipitation,1012,20,69,03:00,1,Good,7,Light Cloud,Light winds from the north,N,N,Northerly,8,5,2022-08-07T01:53:49+01:00,2022-08-07T01:53:49.445+01:00,2634341,City of Westminster
Light cloud and light winds,36,22,72,15,9,74,2022-08-15,6,Low chance of precipitation,1012,20,67,04:00,1,Good,7,Light Cloud,Light winds from the north,N,N,Northerly,7,5,2022-08-07T01:53:49+01:00,2022-08-07T01:53:49.445+01:00,2634341,City of Westminster
Partly cloudy and light winds,2,22,71,15,9,75,2022-08-15,7,Low chance of precipitation,1012,19,67,05:00,1,Good,2,Partly Cloudy,Light winds from the north,N,N,Northerly,7,5,2022-08-07T01:53:49+01:00,2022-08-07T01:53:49.445+01:00,2634341,City of Westminster
Sunny intervals and light winds,3,21,71,16,10,76,2022-08-15,7,Low chance of precipitation,1012,19,66,06:00,1,Good,3,Sunny Intervals,Light winds from the north,N,N,Northerly,7,5,2022-08-07T01:53:49+01:00,2022-08-07T01:53:49.445+01:00,2634341,City of Westminster
Sunny intervals and light winds,3,22,71,17,11,76,2022-08-15,7,Low chance of precipitation,1012,19,66,07:00,1,Good,3,Sunny Intervals,Light winds from the north,N,N,Northerly,8,5,2022-08-07T01:53:49+01:00,2022-08-07T01:53:49.445+01:00,2634341,City of Westminster
Sunny intervals and light winds,3,23,73,20,13,72,2022-08-15,6,Low chance of precipitation,1012,20,68,08:00,1,Good,3,Sunny Intervals,Light winds from the north north west,NNW,NNW,North North Westerly,9,6,2022-08-07T01:53:49+01:00,2022-08-07T01:53:49.445+01:00,2634341,City of Westminster
Sunny intervals and light winds,3,25,76,23,14,64,2022-08-15,5,Low chance of precipitation,1012,22,71,09:00,1,Good,3,Sunny Intervals,Light winds from the north west,NW,NW,North Westerly,11,7,2022-08-07T01:53:49+01:00,2022-08-07T01:53:49.445+01:00,2634341,City of Westminster
Sunny intervals and a gentle breeze,3,27,80,25,16,57,2022-08-15,4,Low chance of precipitation,1012,24,75,10:00,1,Good,3,Sunny Intervals,A gentle breeze from the west north west,WNW,WNW,West North Westerly,12,8,2022-08-07T01:53:49+01:00,2022-08-07T01:53:49.445+01:00,2634341,City of Westminster
Sunny intervals and a gentle breeze,3,29,83,27,17,50,2022-08-15,2,Low chance of precipitation,1012,25,78,11:00,1,Good,3,Sunny Intervals,A gentle breeze from the west,W,W,Westerly,13,8,2022-08-07T01:53:49+01:00,2022-08-07T01:53:49.445+01:00,2634341,City of Westminster
Sunny intervals and a gentle breeze,3,30,86,29,18,46,2022-08-15,2,Low chance of precipitation,1011,27,80,12:00,1,Good,3,Sunny Intervals,A gentle breeze from the west south west,WSW,WSW,West South Westerly,14,9,2022-08-07T01:53:49+01:00,2022-08-07T01:53:49.445+01:00,2634341,City of Westminster
Sunny intervals and a gentle breeze,3,31,87,30,19,43,2022-08-15,3,Low chance of precipitation,1011,28,82,13:00,1,Good,3,Sunny Intervals,A gentle breeze from the west south west,WSW,WSW,West South Westerly,15,10,2022-08-07T01:53:49+01:00,2022-08-07T01:53:49.445+01:00,2634341,City of Westminster
Sunny intervals and a gentle breeze,3,31,88,30,19,41,2022-08-15,4,Low chance of precipitation,1011,28,83,14:00,1,Good,3,Sunny Intervals,A gentle breeze from the south west,SW,SW,South Westerly,16,10,2022-08-07T01:53:49+01:00,2022-08-07T01:53:49.445+01:00,2634341,City of Westminster
Sunny intervals and a gentle breeze,3,31,88,31,19,40,2022-08-15,3,Low chance of precipitation,1011,28,83,15:00,1,Good,3,Sunny Intervals,A gentle breeze from the south west,SW,SW,South Westerly,16,10,2022-08-07T01:53:49+01:00,2022-08-07T01:53:49.445+01:00,2634341,City of Westminster
Sunny intervals and a gentle breeze,3,31,88,31,19,40,2022-08-15,4,Low chance of precipitation,1010,28,83,16:00,1,Good,3,Sunny Intervals,A gentle breeze from the south west,SW,SW,South Westerly,17,10,2022-08-07T01:53:49+01:00,2022-08-07T01:53:49.445+01:00,2634341,City of Westminster
Sunny intervals and a gentle breeze,3,31,87,30,19,41,2022-08-15,5,Low chance of precipitation,1010,28,82,17:00,1,Good,3,Sunny Intervals,A gentle breeze from the south west,SW,SW,South Westerly,17,10,2022-08-07T01:53:49+01:00,2022-08-07T01:53:49.445+01:00,2634341,City of Westminster
Sunny intervals and a gentle breeze,3,30,86,29,18,43,2022-08-15,5,Low chance of precipitation,1010,27,81,18:00,1,Good,3,Sunny Intervals,A gentle breeze from the south west,SW,SW,South Westerly,16,10,2022-08-07T01:53:49+01:00,2022-08-07T01:53:49.445+01:00,2634341,City of Westminster
Sunny intervals and a gentle breeze,3,29,84,28,17,46,2022-08-15,5,Low chance of precipitation,1010,26,79,19:00,1,Good,3,Sunny Intervals,A gentle breeze from the south west,SW,SW,South Westerly,16,10,2022-08-07T01:53:49+01:00,2022-08-07T01:53:49.445+01:00,2634341,City of Westminster
Sunny intervals and a gentle breeze,3,28,82,26,16,50,2022-08-15,6,Low chance of precipitation,1010,25,77,20:00,1,Good,3,Sunny Intervals,A gentle breeze from the south south west,SSW,SSW,South South Westerly,14,9,2022-08-07T01:53:49+01:00,2022-08-07T01:53:49.445+01:00,2634341,City of Westminster
Partly cloudy and a gentle breeze,2,27,80,23,15,54,2022-08-15,8,Low chance of precipitation,1010,24,75,21:00,1,Good,2,Partly Cloudy,A gentle breeze from the south south west,SSW,SSW,South South Westerly,13,8,2022-08-07T01:53:49+01:00,2022-08-07T01:53:49.445+01:00,2634341,City of Westminster
Partly cloudy and a gentle breeze,2,26,78,22,14,58,2022-08-15,8,Low chance of precipitation,1010,23,73,22:00,1,Good,2,Partly Cloudy,A gentle breeze from the south south west,SSW,SSW,South South Westerly,12,8,2022-08-07T01:53:49+01:00,2022-08-07T01:53:49.445+01:00,2634341,City of Westminster
Partly cloudy and light winds,2,25,77,21,13,62,2022-08-15,6,Low chance of precipitation,1010,22,72,23:00,1,Good,2,Partly Cloudy,Light winds from the south west,SW,SW,South Westerly,11,7,2022-08-07T01:53:49+01:00,2022-08-07T01:53:49.445+01:00,2634341,City of Westminster
Partly cloudy and light winds,2,24,75,20,12,65,2022-08-16,6,Low chance of precipitation,1011,21,70,00:00,1,Good,2,Partly Cloudy,Light winds from the west south west,WSW,WSW,West South Westerly,10,6,2022-08-07T01:53:49+01:00,2022-08-07T01:53:49.445+01:00,2634341,City of Westminster
Light cloud and light winds,36,23,74,20,12,68,2022-08-16,6,Low chance of precipitation,1011,21,69,01:00,1,Good,7,Light Cloud,Light winds from the west,W,W,Westerly,10,6,2022-08-07T01:53:49+01:00,2022-08-07T01:53:49.445+01:00,2634341,City of Westminster
Light cloud and light winds,36,22,72,19,12,71,2022-08-16,6,Low chance of precipitation,1011,20,68,02:00,1,Good,7,Light Cloud,Light winds from the west,W,W,Westerly,9,6,2022-08-07T01:53:49+01:00,2022-08-07T01:53:49.445+01:00,2634341,City of Westminster
Light cloud and light winds,36,22,71,19,12,73,2022-08-16,6,Low chance of precipitation,1011,19,67,03:00,1,Good,7,Light Cloud,Light winds from the west,W,W,Westerly,9,6,2022-08-07T01:53:49+01:00,2022-08-07T01:53:49.445+01:00,2634341,City of Westminster
Light cloud and light winds,36,21,70,19,12,75,2022-08-16,8,Low chance of precipitation,1012,19,66,04:00,1,Good,7,Light Cloud,Light winds from the west,W,W,Westerly,9,5,2022-08-07T01:53:49+01:00,2022-08-07T01:53:49.445+01:00,2634341,City of Westminster
Light cloud and light winds,36,20,69,19,12,77,2022-08-16,8,Low chance of precipitation,1012,18,65,05:00,1,Good,7,Light Cloud,Light winds from the west,W,W,Westerly,9,5,2022-08-07T01:53:49+01:00,2022-08-07T01:53:49.445+01:00,2634341,City of Westminster
Light cloud and light winds,7,20,68,20,13,78,2022-08-16,8,Low chance of precipitation,1012,18,64,06:00,1,Good,7,Light Cloud,Light winds from the west,W,W,Westerly,9,5,2022-08-07T01:53:49+01:00,2022-08-07T01:53:49.445+01:00,2634341,City of Westminster
Sunny intervals and light winds,3,20,68,21,13,77,2022-08-16,8,Low chance of precipitation,1012,18,65,07:00,1,Good,3,Sunny Intervals,Light winds from the west,W,W,Westerly,9,6,2022-08-07T01:53:49+01:00,2022-08-07T01:53:49.445+01:00,2634341,City of Westminster
Sunny intervals and light winds,3,21,70,24,15,74,2022-08-16,7,Low chance of precipitation,1012,19,66,08:00,1,Good,3,Sunny Intervals,Light winds from the west,W,W,Westerly,11,7,2022-08-07T01:53:49+01:00,2022-08-07T01:53:49.445+01:00,2634341,City of Westminster
Sunny intervals and light winds,3,23,73,26,16,67,2022-08-16,6,Low chance of precipitation,1012,20,69,09:00,1,Good,3,Sunny Intervals,Light winds from the west,W,W,Westerly,12,7,2022-08-07T01:53:49+01:00,2022-08-07T01:53:49.445+01:00,2634341,City of Westminster
Sunny intervals and a gentle breeze,3,25,77,27,17,60,2022-08-16,4,Low chance of precipitation,1012,22,72,10:00,1,Good,3,Sunny Intervals,A gentle breeze from the west,W,W,Westerly,13,8,2022-08-07T01:53:49+01:00,2022-08-07T01:53:49.445+01:00,2634341,City of Westminster
Sunny intervals and a gentle breeze,3,27,80,29,18,54,2022-08-16,2,Low chance of precipitation,1011,24,75,11:00,1,Good,3,Sunny Intervals,A gentle breeze from the west south west,WSW,WSW,West South Westerly,14,9,2022-08-07T01:53:49+01:00,2022-08-07T01:53:49.445+01:00,2634341,City of Westminster
Sunny intervals and a gentle breeze,3,27,81,30,19,50,2022-08-16,2,Low chance of precipitation,1011,25,77,12:00,1,Good,3,Sunny Intervals,A gentle breeze from the west south west,WSW,WSW,West South Westerly,15,9,2022-08-07T01:53:49+01:00,2022-08-07T01:53:49.445+01:00,2634341,City of Westminster
Sunny intervals and a gentle breeze,3,28,83,31,19,46,2022-08-16,4,Low chance of precipitation,1011,26,78,13:00,1,Good,3,Sunny Intervals,A gentle breeze from the west south west,WSW,WSW,West South Westerly,16,10,2022-08-07T01:53:49+01:00,2022-08-07T01:53:49.445+01:00,2634341,City of Westminster
Sunny intervals and a gentle breeze,3,29,84,32,20,45,2022-08-16,5,Low chance of precipitation,1010,26,79,14:00,1,Good,3,Sunny Intervals,A gentle breeze from the west south west,WSW,WSW,West South Westerly,16,10,2022-08-07T01:53:49+01:00,2022-08-07T01:53:49.445+01:00,2634341,City of Westminster
Sunny intervals and a gentle breeze,3,29,84,32,20,43,2022-08-16,5,Low chance of precipitation,1010,26,79,15:00,1,Good,3,Sunny Intervals,A gentle breeze from the west south west,WSW,WSW,West South Westerly,17,10,2022-08-07T01:53:49+01:00,2022-08-07T01:53:49.445+01:00,2634341,City of Westminster
Sunny intervals and a gentle breeze,3,29,83,33,20,43,2022-08-16,5,Low chance of precipitation,1009,26,79,16:00,1,Good,3,Sunny Intervals,A gentle breeze from the west south west,WSW,WSW,West South Westerly,17,11,2022-08-07T01:53:49+01:00,2022-08-07T01:53:49.445+01:00,2634341,City of Westminster
Sunny intervals and a gentle breeze,3,28,83,32,20,44,2022-08-16,6,Low chance of precipitation,1009,26,78,17:00,1,Good,3,Sunny Intervals,A gentle breeze from the west south west,WSW,WSW,West South Westerly,17,11,2022-08-07T01:53:49+01:00,2022-08-07T01:53:49.445+01:00,2634341,City of Westminster
Sunny intervals and a gentle breeze,3,27,81,31,19,45,2022-08-16,7,Low chance of precipitation,1009,25,77,18:00,1,Good,3,Sunny Intervals,A gentle breeze from the west south west,WSW,WSW,West South Westerly,17,11,2022-08-07T01:53:49+01:00,2022-08-07T01:53:49.445+01:00,2634341,City of Westminster
Sunny intervals and a gentle breeze,3,26,79,30,19,48,2022-08-16,7,Low chance of precipitation,1009,24,76,19:00,1,Good,3,Sunny Intervals,A gentle breeze from the west south west,WSW,WSW,West South Westerly,16,10,2022-08-07T01:53:49+01:00,2022-08-07T01:53:49.445+01:00,2634341,City of Westminster
Sunny intervals and a gentle breeze,3,25,77,27,17,52,2022-08-16,7,Low chance of precipitation,1009,23,73,20:00,1,Good,3,Sunny Intervals,A gentle breeze from the west south west,WSW,WSW,West South Westerly,15,9,2022-08-07T01:53:49+01:00,2022-08-07T01:53:49.445+01:00,2634341,City of Westminster
Partly cloudy and a gentle breeze,2,24,75,25,15,56,2022-08-16,9,Low chance of precipitation,1009,22,72,21:00,1,Good,2,Partly Cloudy,A gentle breeze from the west south west,WSW,WSW,West South Westerly,14,9,2022-08-07T01:53:49+01:00,2022-08-07T01:53:49.445+01:00,2634341,City of Westminster
Partly cloudy and a gentle breeze,2,23,74,23,14,60,2022-08-16,8,Low chance of precipitation,1009,21,70,22:00,1,Good,2,Partly Cloudy,A gentle breeze from the west south west,WSW,WSW,West South Westerly,12,8,2022-08-07T01:53:49+01:00,2022-08-07T01:53:49.445+01:00,2634341,City of Westminster
Partly cloudy and light winds,2,23,73,21,13,63,2022-08-16,6,Low chance of precipitation,1009,20,69,23:00,1,Good,2,Partly Cloudy,Light winds from the west south west,WSW,WSW,West South Westerly,11,7,2022-08-07T01:53:49+01:00,2022-08-07T01:53:49.445+01:00,2634341,City of Westminster
Light cloud and light winds,36,22,71,20,12,66,2022-08-17,5,Low chance of precipitation,1009,20,67,00:00,1,Good,7,Light Cloud,Light winds from the west south west,WSW,WSW,West South Westerly,11,7,2022-08-07T01:53:49+01:00,2022-08-07T01:53:49.445+01:00,2634341,City of Westminster
Light cloud and light winds,36,21,69,20,12,69,2022-08-17,5,Low chance of precipitation,1009,19,66,01:00,1,Good,7,Light Cloud,Light winds from the west,W,W,Westerly,10,6,2022-08-07T01:53:49+01:00,2022-08-07T01:53:49.445+01:00,2634341,City of Westminster
Light cloud and light winds,36,20,68,19,12,71,2022-08-17,4,Low chance of precipitation,1008,18,65,02:00,1,Good,7,Light Cloud,Light winds from the west,W,W,Westerly,9,6,2022-08-07T01:53:49+01:00,2022-08-07T01:53:49.445+01:00,2634341,City of Westminster
Light cloud and light winds,36,19,67,19,12,73,2022-08-17,4,Low chance of precipitation,1008,18,64,03:00,1,Good,7,Light Cloud,Light winds from the west,W,W,Westerly,9,6,2022-08-07T01:53:49+01:00,2022-08-07T01:53:49.445+01:00,2634341,City of Westminster
Light cloud and light winds,36,19,66,18,11,75,2022-08-17,4,Low chance of precipitation,1008,17,63,04:00,1,Good,7,Light Cloud,Light winds from the west,W,W,Westerly,9,5,2022-08-07T01:53:49+01:00,2022-08-07T01:53:49.445+01:00,2634341,City of Westminster
Light cloud and light winds,36,18,65,19,12,77,2022-08-17,5,Low chance of precipitation,1007,17,62,05:00,1,Good,7,Light Cloud,Light winds from the west,W,W,Westerly,9,5,2022-08-07T01:53:49+01:00,2022-08-07T01:53:49.445+01:00,2634341,City of Westminster
Light cloud and light winds,7,18,64,20,12,78,2022-08-17,4,Low chance of precipitation,1007,17,62,06:00,1,Good,7,Light Cloud,Light winds from the west south west,WSW,WSW,West South Westerly,9,6,2022-08-07T01:53:49+01:00,2022-08-07T01:53:49.445+01:00,2634341,City of Westminster
Sunny intervals and light winds,3,18,65,21,13,77,2022-08-17,4,Low chance of precipitation,1006,17,62,07:00,1,Good,3,Sunny Intervals,Light winds from the west south west,WSW,WSW,West South Westerly,10,6,2022-08-07T01:53:49+01:00,2022-08-07T01:53:49.445+01:00,2634341,City of Westminster
Sunny intervals and light winds,3,19,66,23,14,73,2022-08-17,4,Low chance of precipitation,1006,17,63,08:00,1,Good,3,Sunny Intervals,Light winds from the west south west,WSW,WSW,West South Westerly,11,7,2022-08-07T01:53:49+01:00,2022-08-07T01:53:49.445+01:00,2634341,City of Westminster
Sunny intervals and a gentle breeze,3,21,69,25,16,67,2022-08-17,4,Low chance of precipitation,1006,19,66,09:00,1,Good,3,Sunny Intervals,A gentle breeze from the west south west,WSW,WSW,West South Westerly,12,8,2022-08-07T01:53:49+01:00,2022-08-07T01:53:49.445+01:00,2634341,City of Westminster
Sunny intervals and a gentle breeze,3,23,73,27,17,60,2022-08-17,4,Low chance of precipitation,1006,21,69,10:00,1,Good,3,Sunny Intervals,A gentle breeze from the west south west,WSW,WSW,West South Westerly,13,8,2022-08-07T01:53:49+01:00,2022-08-07T01:53:49.445+01:00,2634341,City of Westminster
Sunny intervals and a gentle breeze,3,24,76,29,18,54,2022-08-17,3,Low chance of precipitation,1005,22,72,11:00,1,Good,3,Sunny Intervals,A gentle breeze from the west south west,WSW,WSW,West South Westerly,14,9,2022-08-07T01:53:49+01:00,2022-08-07T01:53:49.445+01:00,2634341,City of Westminster
Sunny intervals and a gentle breeze,3,25,78,30,19,49,2022-08-17,3,Low chance of precipitation,1005,23,74,12:00,1,Good,3,Sunny Intervals,A gentle breeze from the west south west,WSW,WSW,West South Westerly,15,9,2022-08-07T01:53:49+01:00,2022-08-07T01:53:49.445+01:00,2634341,City of Westminster
Sunny intervals and a gentle breeze,3,26,79,31,19,46,2022-08-17,5,Low chance of precipitation,1005,24,76,13:00,1,Good,3,Sunny Intervals,A gentle breeze from the west south west,WSW,WSW,West South Westerly,16,10,2022-08-07T01:53:49+01:00,2022-08-07T01:53:49.445+01:00,2634341,City of Westminster
Sunny intervals and a gentle breeze,3,27,80,32,20,45,2022-08-17,6,Low chance of precipitation,1005,25,77,14:00,1,Good,3,Sunny Intervals,A gentle breeze from the west south west,WSW,WSW,West South Westerly,16,10,2022-08-07T01:53:49+01:00,2022-08-07T01:53:49.445+01:00,2634341,City of Westminster
Sunny intervals and a gentle breeze,3,27,80,33,20,44,2022-08-17,6,Low chance of precipitation,1004,25,77,15:00,1,Good,3,Sunny Intervals,A gentle breeze from the west south west,WSW,WSW,West South Westerly,17,10,2022-08-07T01:53:49+01:00,2022-08-07T01:53:49.445+01:00,2634341,City of Westminster
Sunny intervals and a gentle breeze,3,27,80,33,20,43,2022-08-17,6,Low chance of precipitation,1004,25,77,16:00,1,Good,3,Sunny Intervals,A gentle breeze from the west south west,WSW,WSW,West South Westerly,17,11,2022-08-07T01:53:49+01:00,2022-08-07T01:53:49.445+01:00,2634341,City of Westminster
Sunny intervals and a gentle breeze,3,26,80,33,20,44,2022-08-17,7,Low chance of precipitation,1004,25,76,17:00,1,Good,3,Sunny Intervals,A gentle breeze from the west south west,WSW,WSW,West South Westerly,17,11,2022-08-07T01:53:49+01:00,2022-08-07T01:53:49.445+01:00,2634341,City of Westminster
Sunny intervals and a gentle breeze,3,26,78,32,20,46,2022-08-17,8,Low chance of precipitation,1004,24,75,18:00,1,Good,3,Sunny Intervals,A gentle breeze from the west south west,WSW,WSW,West South Westerly,17,11,2022-08-07T01:53:49+01:00,2022-08-07T01:53:49.445+01:00,2634341,City of Westminster
Sunny intervals and a gentle breeze,3,25,77,30,19,49,2022-08-17,7,Low chance of precipitation,1004,23,74,19:00,1,Good,3,Sunny Intervals,A gentle breeze from the west south west,WSW,WSW,West South Westerly,16,10,2022-08-07T01:53:49+01:00,2022-08-07T01:53:49.445+01:00,2634341,City of Westminster
Sunny intervals and a gentle breeze,3,24,75,27,17,52,2022-08-17,8,Low chance of precipitation,1004,22,72,20:00,1,Good,3,Sunny Intervals,A gentle breeze from the west south west,WSW,WSW,West South Westerly,15,10,2022-08-07T01:53:49+01:00,2022-08-07T01:53:49.445+01:00,2634341,City of Westminster
Partly cloudy and a gentle breeze,2,23,73,25,15,57,2022-08-17,9,Low chance of precipitation,1005,21,70,21:00,1,Good,2,Partly Cloudy,A gentle breeze from the west south west,WSW,WSW,West South Westerly,14,9,2022-08-07T01:53:49+01:00,2022-08-07T01:53:49.445+01:00,2634341,City of Westminster
Partly cloudy and a gentle breeze,2,22,72,23,14,60,2022-08-17,8,Low chance of precipitation,1005,20,69,22:00,1,Good,2,Partly Cloudy,A gentle breeze from the west south west,WSW,WSW,West South Westerly,12,8,2022-08-07T01:53:49+01:00,2022-08-07T01:53:49.445+01:00,2634341,City of Westminster
Partly cloudy and light winds,2,21,70,21,13,64,2022-08-17,6,Low chance of precipitation,1006,20,67,23:00,1,Good,2,Partly Cloudy,Light winds from the west south west,WSW,WSW,West South Westerly,12,7,2022-08-07T01:53:49+01:00,2022-08-07T01:53:49.445+01:00,2634341,City of Westminster
Light cloud and light winds,36,21,69,20,12,67,2022-08-18,5,Low chance of precipitation,1006,19,66,00:00,1,Good,7,Light Cloud,Light winds from the west south west,WSW,WSW,West South Westerly,11,7,2022-08-07T01:53:49+01:00,2022-08-07T01:53:49.445+01:00,2634341,City of Westminster
Light cloud and light winds,36,20,68,20,12,70,2022-08-18,5,Low chance of precipitation,1007,18,65,01:00,1,Good,7,Light Cloud,Light winds from the west south west,WSW,WSW,West South Westerly,10,6,2022-08-07T01:53:49+01:00,2022-08-07T01:53:49.445+01:00,2634341,City of Westminster
Light cloud and light winds,36,19,67,19,12,73,2022-08-18,4,Low chance of precipitation,1007,18,64,02:00,1,Good,7,Light Cloud,Light winds from the west south west,WSW,WSW,West South Westerly,9,6,2022-08-07T01:53:49+01:00,2022-08-07T01:53:49.445+01:00,2634341,City of Westminster
Light cloud and light winds,36,19,65,19,12,75,2022-08-18,4,Low chance of precipitation,1008,17,63,03:00,1,Good,7,Light Cloud,Light winds from the west,W,W,Westerly,9,6,2022-08-07T01:53:49+01:00,2022-08-07T01:53:49.445+01:00,2634341,City of Westminster
Light cloud and light winds,36,18,64,19,12,77,2022-08-18,5,Low chance of precipitation,1008,17,62,04:00,1,Good,7,Light Cloud,Light winds from the west,W,W,Westerly,9,5,2022-08-07T01:53:49+01:00,2022-08-07T01:53:49.445+01:00,2634341,City of Westminster
Light cloud and light winds,36,17,64,19,12,79,2022-08-18,6,Low chance of precipitation,1009,16,61,05:00,1,Good,7,Light Cloud,Light winds from the west south west,WSW,WSW,West South Westerly,9,5,2022-08-07T01:53:49+01:00,2022-08-07T01:53:49.445+01:00,2634341,City of Westminster
Light cloud and light winds,7,17,63,20,12,80,2022-08-18,6,Low chance of precipitation,1009,16,61,06:00,1,Good,7,Light Cloud,Light winds from the west south west,WSW,WSW,West South Westerly,9,6,2022-08-07T01:53:49+01:00,2022-08-07T01:53:49.445+01:00,2634341,City of Westminster
Sunny intervals and light winds,3,17,63,21,13,79,2022-08-18,5,Low chance of precipitation,1009,16,61,07:00,1,Good,3,Sunny Intervals,Light winds from the west south west,WSW,WSW,West South Westerly,9,6,2022-08-07T01:53:49+01:00,2022-08-07T01:53:49.445+01:00,2634341,City of Westminster
Sunny intervals and light winds,3,19,65,23,14,76,2022-08-18,5,Low chance of precipitation,1010,17,63,08:00,1,Good,3,Sunny Intervals,Light winds from the west south west,WSW,WSW,West South Westerly,10,6,2022-08-07T01:53:49+01:00,2022-08-07T01:53:49.445+01:00,2634341,City of Westminster
Sunny intervals and light winds,3,20,68,25,15,70,2022-08-18,5,Low chance of precipitation,1010,19,65,09:00,1,Good,3,Sunny Intervals,Light winds from the west south west,WSW,WSW,West South Westerly,11,7,2022-08-07T01:53:49+01:00,2022-08-07T01:53:49.445+01:00,2634341,City of Westminster
Sunny intervals and a gentle breeze,3,22,71,26,16,63,2022-08-18,3,Low chance of precipitation,1010,20,68,10:00,1,Good,3,Sunny Intervals,A gentle breeze from the west south west,WSW,WSW,West South Westerly,12,8,2022-08-07T01:53:49+01:00,2022-08-07T01:53:49.445+01:00,2634341,City of Westminster
Sunny intervals and a gentle breeze,3,23,74,27,17,57,2022-08-18,2,Low chance of precipitation,1010,21,71,11:00,1,Good,3,Sunny Intervals,A gentle breeze from the west south west,WSW,WSW,West South Westerly,13,8,2022-08-07T01:53:49+01:00,2022-08-07T01:53:49.445+01:00,2634341,City of Westminster
Sunny intervals and a gentle breeze,3,24,76,28,18,52,2022-08-18,3,Low chance of precipitation,1010,22,72,12:00,1,Good,3,Sunny Intervals,A gentle breeze from the west south west,WSW,WSW,West South Westerly,14,9,2022-08-07T01:53:49+01:00,2022-08-07T01:53:49.445+01:00,2634341,City of Westminster
Sunny intervals and a gentle breeze,3,25,77,29,18,49,2022-08-18,4,Low chance of precipitation,1010,23,74,13:00,1,Good,3,Sunny Intervals,A gentle breeze from the west south west,WSW,WSW,West South Westerly,14,9,2022-08-07T01:53:49+01:00,2022-08-07T01:53:49.445+01:00,2634341,City of Westminster
Sunny intervals and a gentle breeze,3,25,78,30,19,47,2022-08-18,5,Low chance of precipitation,1010,24,75,14:00,1,Good,3,Sunny Intervals,A gentle breeze from the west south west,WSW,WSW,West South Westerly,15,9,2022-08-07T01:53:49+01:00,2022-08-07T01:53:49.445+01:00,2634341,City of Westminster
Sunny intervals and a gentle breeze,3,26,78,31,19,46,2022-08-18,6,Low chance of precipitation,1009,24,75,15:00,1,Good,3,Sunny Intervals,A gentle breeze from the south west,SW,SW,South Westerly,15,9,2022-08-07T01:53:49+01:00,2022-08-07T01:53:49.445+01:00,2634341,City of Westminster
Sunny intervals and a gentle breeze,3,26,78,31,19,46,2022-08-18,7,Low chance of precipitation,1009,24,75,16:00,1,Good,3,Sunny Intervals,A gentle breeze from the south west,SW,SW,South Westerly,16,10,2022-08-07T01:53:49+01:00,2022-08-07T01:53:49.445+01:00,2634341,City of Westminster
Sunny intervals and a gentle breeze,3,25,78,31,19,46,2022-08-18,8,Low chance of precipitation,1009,24,75,17:00,1,Good,3,Sunny Intervals,A gentle breeze from the south west,SW,SW,South Westerly,16,10,2022-08-07T01:53:49+01:00,2022-08-07T01:53:49.445+01:00,2634341,City of Westminster
Sunny intervals and a gentle breeze,3,25,77,30,18,48,2022-08-18,9,Low chance of precipitation,1009,23,74,18:00,1,Good,3,Sunny Intervals,A gentle breeze from the south west,SW,SW,South Westerly,16,10,2022-08-07T01:53:49+01:00,2022-08-07T01:53:49.445+01:00,2634341,City of Westminster
Sunny intervals and a gentle breeze,3,24,75,28,18,50,2022-08-18,9,Low chance of precipitation,1009,22,72,19:00,1,Good,3,Sunny Intervals,A gentle breeze from the south west,SW,SW,South Westerly,15,9,2022-08-07T01:53:49+01:00,2022-08-07T01:53:49.445+01:00,2634341,City of Westminster
Sunny intervals and a gentle breeze,3,23,74,26,16,54,2022-08-18,9,Low chance of precipitation,1009,21,71,20:00,1,Good,3,Sunny Intervals,A gentle breeze from the south west,SW,SW,South Westerly,14,9,2022-08-07T01:53:49+01:00,2022-08-07T01:53:49.445+01:00,2634341,City of Westminster
Partly cloudy and a gentle breeze,2,22,72,23,14,58,2022-08-18,11,Low chance of precipitation,1009,21,69,21:00,1,Good,2,Partly Cloudy,A gentle breeze from the south west,SW,SW,South Westerly,13,8,2022-08-07T01:53:49+01:00,2022-08-07T01:53:49.445+01:00,2634341,City of Westminster
Partly cloudy and light winds,2,21,71,21,13,62,2022-08-18,11,Low chance of precipitation,1009,20,68,22:00,1,Good,2,Partly Cloudy,Light winds from the south west,SW,SW,South Westerly,12,7,2022-08-07T01:53:49+01:00,2022-08-07T01:53:49.445+01:00,2634341,City of Westminster
Partly cloudy and light winds,2,21,70,20,12,65,2022-08-18,9,Low chance of precipitation,1009,19,67,23:00,1,Good,2,Partly Cloudy,Light winds from the south west,SW,SW,South Westerly,11,7,2022-08-07T01:53:49+01:00,2022-08-07T01:53:49.445+01:00,2634341,City of Westminster
Light cloud and light winds,36,20,69,19,12,68,2022-08-19,8,Low chance of precipitation,1009,19,65,00:00,1,Good,7,Light Cloud,Light winds from the south west,SW,SW,South Westerly,10,6,2022-08-07T01:53:49+01:00,2022-08-07T01:53:49.445+01:00,2634341,City of Westminster
Light cloud and light winds,36,19,67,19,12,71,2022-08-19,9,Low chance of precipitation,1009,18,64,01:00,1,Good,7,Light Cloud,Light winds from the south west,SW,SW,South Westerly,9,6,2022-08-07T01:53:49+01:00,2022-08-07T01:53:49.445+01:00,2634341,City of Westminster
Light cloud and light winds,36,19,66,18,11,73,2022-08-19,9,Low chance of precipitation,1008,17,63,02:00,1,Good,7,Light Cloud,Light winds from the south west,SW,SW,South Westerly,9,5,2022-08-07T01:53:49+01:00,2022-08-07T01:53:49.445+01:00,2634341,City of Westminster
Light cloud and light winds,36,18,65,18,11,76,2022-08-19,9,Low chance of precipitation,1008,17,62,03:00,1,Good,7,Light Cloud,Light winds from the south west,SW,SW,South Westerly,8,5,2022-08-07T01:53:49+01:00,2022-08-07T01:53:49.445+01:00,2634341,City of Westminster
Light cloud and light winds,36,18,64,17,11,78,2022-08-19,10,Low chance of precipitation,1008,16,61,04:00,1,Good,7,Light Cloud,Light winds from the south west,SW,SW,South Westerly,8,5,2022-08-07T01:53:49+01:00,2022-08-07T01:53:49.445+01:00,2634341,City of Westminster
Light cloud and light winds,36,17,63,17,11,79,2022-08-19,11,Low chance of precipitation,1008,16,61,05:00,1,Good,7,Light Cloud,Light winds from the south west,SW,SW,South Westerly,8,5,2022-08-07T01:53:49+01:00,2022-08-07T01:53:49.445+01:00,2634341,City of Westminster
Sunny intervals and light winds,3,17,63,19,12,81,2022-08-19,11,Low chance of precipitation,1007,16,60,06:00,1,Good,3,Sunny Intervals,Light winds from the south west,SW,SW,South Westerly,9,5,2022-08-07T01:53:49+01:00,2022-08-07T01:53:49.445+01:00,2634341,City of Westminster
Sunny intervals and light winds,3,17,63,20,12,80,2022-08-19,10,Low chance of precipitation,1007,16,61,07:00,1,Good,3,Sunny Intervals,Light winds from the south west,SW,SW,South Westerly,9,6,2022-08-07T01:53:49+01:00,2022-08-07T01:53:49.445+01:00,2634341,City of Westminster
Sunny intervals and light winds,3,18,65,22,14,76,2022-08-19,9,Low chance of precipitation,1007,17,62,08:00,1,Good,3,Sunny Intervals,Light winds from the west south west,WSW,WSW,West South Westerly,10,6,2022-08-07T01:53:49+01:00,2022-08-07T01:53:49.445+01:00,2634341,City of Westminster
Sunny intervals and light winds,3,20,68,25,15,70,2022-08-19,9,Low chance of precipitation,1007,18,65,09:00,1,Good,3,Sunny Intervals,Light winds from the west south west,WSW,WSW,West South Westerly,12,7,2022-08-07T01:53:49+01:00,2022-08-07T01:53:49.445+01:00,2634341,City of Westminster
Sunny intervals and a gentle breeze,3,22,71,27,17,62,2022-08-19,8,Low chance of precipitation,1007,20,68,10:00,1,Good,3,Sunny Intervals,A gentle breeze from the west south west,WSW,WSW,West South Westerly,13,8,2022-08-07T01:53:49+01:00,2022-08-07T01:53:49.445+01:00,2634341,City of Westminster
Sunny intervals and a gentle breeze,3,23,74,28,18,56,2022-08-19,6,Low chance of precipitation,1007,21,71,11:00,1,Good,3,Sunny Intervals,A gentle breeze from the west south west,WSW,WSW,West South Westerly,14,9,2022-08-07T01:53:49+01:00,2022-08-07T01:53:49.445+01:00,2634341,City of Westminster
Sunny intervals and a gentle breeze,3,24,76,29,18,51,2022-08-19,7,Low chance of precipitation,1007,23,73,12:00,1,Good,3,Sunny Intervals,A gentle breeze from the west south west,WSW,WSW,West South Westerly,15,9,2022-08-07T01:53:49+01:00,2022-08-07T01:53:49.445+01:00,2634341,City of Westminster
Sunny intervals and a gentle breeze,3,25,77,30,19,48,2022-08-19,8,Low chance of precipitation,1006,23,74,13:00,1,Good,3,Sunny Intervals,A gentle breeze from the west south west,WSW,WSW,West South Westerly,15,9,2022-08-07T01:53:49+01:00,2022-08-07T01:53:49.445+01:00,2634341,City of Westminster
Sunny intervals and a gentle breeze,3,26,78,31,19,46,2022-08-19,8,Low chance of precipitation,1006,24,75,14:00,1,Good,3,Sunny Intervals,A gentle breeze from the west south west,WSW,WSW,West South Westerly,16,10,2022-08-07T01:53:49+01:00,2022-08-07T01:53:49.445+01:00,2634341,City of Westminster
Sunny intervals and a gentle breeze,3,26,79,31,19,45,2022-08-19,8,Low chance of precipitation,1006,24,75,15:00,1,Good,3,Sunny Intervals,A gentle breeze from the west south west,WSW,WSW,West South Westerly,16,10,2022-08-07T01:53:49+01:00,2022-08-07T01:53:49.445+01:00,2634341,City of Westminster
Sunny intervals and a gentle breeze,3,26,78,31,19,45,2022-08-19,8,Low chance of precipitation,1007,24,75,16:00,1,Good,3,Sunny Intervals,A gentle breeze from the south west,SW,SW,South Westerly,16,10,2022-08-07T01:53:49+01:00,2022-08-07T01:53:49.445+01:00,2634341,City of Westminster
Sunny intervals and a gentle breeze,3,25,78,31,19,45,2022-08-19,9,Low chance of precipitation,1007,24,75,17:00,1,Good,3,Sunny Intervals,A gentle breeze from the south west,SW,SW,South Westerly,16,10,2022-08-07T01:53:49+01:00,2022-08-07T01:53:49.445+01:00,2634341,City of Westminster
Sunny intervals and a gentle breeze,3,25,77,29,18,47,2022-08-19,9,Low chance of precipitation,1007,23,74,18:00,1,Good,3,Sunny Intervals,A gentle breeze from the south west,SW,SW,South Westerly,16,10,2022-08-07T01:53:49+01:00,2022-08-07T01:53:49.445+01:00,2634341,City of Westminster
Sunny intervals and a gentle breeze,3,24,75,28,18,50,2022-08-19,9,Low chance of precipitation,1007,23,73,19:00,1,Good,3,Sunny Intervals,A gentle breeze from the south west,SW,SW,South Westerly,15,9,2022-08-07T01:53:49+01:00,2022-08-07T01:53:49.445+01:00,2634341,City of Westminster
Sunny intervals and a gentle breeze,3,23,74,26,16,53,2022-08-19,9,Low chance of precipitation,1007,21,71,20:00,1,Good,3,Sunny Intervals,A gentle breeze from the south west,SW,SW,South Westerly,14,9,2022-08-07T01:53:49+01:00,2022-08-07T01:53:49.445+01:00,2634341,City of Westminster
Partly cloudy and a gentle breeze,2,22,72,24,15,58,2022-08-19,11,Low chance of precipitation,1007,21,69,21:00,1,Good,2,Partly Cloudy,A gentle breeze from the south west,SW,SW,South Westerly,13,8,2022-08-07T01:53:49+01:00,2022-08-07T01:53:49.445+01:00,2634341,City of Westminster
Partly cloudy and light winds,2,21,70,22,14,62,2022-08-19,11,Low chance of precipitation,1007,20,67,22:00,1,Good,2,Partly Cloudy,Light winds from the south west,SW,SW,South Westerly,12,7,2022-08-07T01:53:49+01:00,2022-08-07T01:53:49.445+01:00,2634341,City of Westminster
Light cloud and light winds,36,21,69,21,13,65,2022-08-19,9,Low chance of precipitation,1007,19,66,23:00,1,Good,7,Light Cloud,Light winds from the south west,SW,SW,South Westerly,11,7,2022-08-07T01:53:49+01:00,2022-08-07T01:53:49.445+01:00,2634341,City of Westminster
Light cloud and light winds,36,20,68,20,12,68,2022-08-20,9,Low chance of precipitation,1008,18,65,00:00,1,Good,7,Light Cloud,Light winds from the south west,SW,SW,South Westerly,10,6,2022-08-07T01:53:49+01:00,2022-08-07T01:53:49.445+01:00,2634341,City of Westminster
Light cloud and light winds,36,19,67,20,12,71,2022-08-20,9,Low chance of precipitation,1008,18,64,01:00,1,Good,7,Light Cloud,Light winds from the south west,SW,SW,South Westerly,10,6,2022-08-07T01:53:49+01:00,2022-08-07T01:53:49.445+01:00,2634341,City of Westminster
Light cloud and light winds,36,19,66,20,12,74,2022-08-20,8,Low chance of precipitation,1008,17,63,02:00,1,Good,7,Light Cloud,Light winds from the west south west,WSW,WSW,West South Westerly,9,6,2022-08-07T01:53:49+01:00,2022-08-07T01:53:49.445+01:00,2634341,City of Westminster
Light cloud and light winds,36,18,65,20,12,76,2022-08-20,8,Low chance of precipitation,1008,17,62,03:00,1,Good,7,Light Cloud,Light winds from the west south west,WSW,WSW,West South Westerly,9,6,2022-08-07T01:53:49+01:00,2022-08-07T01:53:49.445+01:00,2634341,City of Westminster
Light cloud and light winds,36,18,64,20,12,78,2022-08-20,8,Low chance of precipitation,1008,16,61,04:00,1,Good,7,Light Cloud,Light winds from the west south west,WSW,WSW,West South Westerly,9,6,2022-08-07T01:53:49+01:00,2022-08-07T01:53:49.445+01:00,2634341,City of Westminster
Light cloud and light winds,36,17,63,20,13,80,2022-08-20,8,Low chance of precipitation,1008,16,61,05:00,1,Good,7,Light Cloud,Light winds from the south west,SW,SW,South Westerly,9,6,2022-08-07T01:53:49+01:00,2022-08-07T01:53:49.445+01:00,2634341,City of Westminster
