enhancedWeatherDescription,extendedWeatherType,feelsLikeTemperatureC,feelsLikeTemperatureF,gustSpeedKph,gustSpeedMph,humidity,localDate,precipitationProbabilityInPercent,precipitationProbabilityText,pressure,temperatureC,temperatureF,timeslot,timeslotLength,visibility,weatherType,weatherTypeText,windDescription,windDirection,windDirectionAbbreviation,windDirectionFull,windSpeedKph,windSpeedMph,issueDate,lastUpdated,location_id,location_name
Partly cloudy and a gentle breeze,2,-4,24,36,22,83,2023-01-18,14,Low chance of precipitation,988,1,33,01:00,1,Good,2,Partly Cloudy,A gentle breeze from the west,W,W,Westerly,18,11,2023-01-17T21:03:00+00:00,2023-01-18T00:24:29.279Z,2650225,Edinburgh
Partly cloudy and a gentle breeze,2,-4,25,36,22,83,2023-01-18,16,Low chance of precipitation,988,1,33,02:00,1,Good,2,Partly Cloudy,A gentle breeze from the west,W,W,Westerly,18,11,2023-01-17T21:03:00+00:00,2023-01-18T00:24:29.279Z,2650225,Edinburgh
A clear sky and a gentle breeze,0,-4,25,36,22,82,2023-01-18,16,Low chance of precipitation,989,1,33,03:00,1,Good,0,Clear Sky,A gentle breeze from the west,W,W,Westerly,18,11,2023-01-17T21:03:00+00:00,2023-01-18T00:24:29.279Z,2650225,Edinburgh
A clear sky and a gentle breeze,0,-4,25,36,22,81,2023-01-18,16,Low chance of precipitation,990,1,33,04:00,1,Good,0,Clear Sky,A gentle breeze from the west,W,W,Westerly,18,11,2023-01-17T21:03:00+00:00,2023-01-18T00:24:29.279Z,2650225,Edinburgh
A clear sky and a gentle breeze,0,-4,24,35,22,81,2023-01-18,18,Low chance of precipitation,991,0,33,05:00,1,Good,0,Clear Sky,A gentle breeze from the west,W,W,Westerly,18,11,2023-01-17T21:03:00+00:00,2023-01-18T00:24:29.279Z,2650225,Edinburgh
A clear sky and a gentle breeze,0,-5,24,34,21,81,2023-01-18,19,Low chance of precipitation,991,0,33,06:00,1,Good,0,Clear Sky,A gentle breeze from the west,W,W,Westerly,18,11,2023-01-17T21:03:00+00:00,2023-01-18T00:24:29.279Z,2650225,Edinburgh
A clear sky and a gentle breeze,0,-5,23,32,20,82,2023-01-18,20,Low chance of precipitation,992,0,32,07:00,1,Good,0,Clear Sky,A gentle breeze from the west,W,W,Westerly,17,11,2023-01-17T21:03:00+00:00,2023-01-18T00:24:29.279Z,2650225,Edinburgh
A clear sky and a gentle breeze,0,-5,23,31,19,81,2023-01-18,18,Low chance of precipitation,993,0,31,08:00,1,Good,0,Clear Sky,A gentle breeze from the west,W,W,Westerly,16,10,2023-01-17T21:03:00+00:00,2023-01-18T00:24:29.279Z,2650225,Edinburgh
Sunny intervals and a gentle breeze,3,-4,25,31,19,79,2023-01-18,16,Low chance of precipitation,994,1,33,09:00,1,Good,3,Sunny Intervals,A gentle breeze from the west north west,WNW,WNW,West North Westerly,16,10,2023-01-17T21:03:00+00:00,2023-01-18T00:24:29.279Z,2650225,Edinburgh
Sunny intervals and a gentle breeze,3,-3,27,32,20,75,2023-01-18,17,Low chance of precipitation,995,1,35,10:00,1,Good,3,Sunny Intervals,A gentle breeze from the west north west,WNW,WNW,West North Westerly,16,10,2023-01-17T21:03:00+00:00,2023-01-18T00:24:29.279Z,2650225,Edinburgh
Sunny intervals and a gentle breeze,3,-1,30,32,20,73,2023-01-18,19,Low chance of precipitation,996,3,37,11:00,1,Good,3,Sunny Intervals,A gentle breeze from the west north west,WNW,WNW,West North Westerly,17,11,2023-01-17T21:03:00+00:00,2023-01-18T00:24:29.279Z,2650225,Edinburgh
Sunny intervals and a gentle breeze,3,0,31,33,21,70,2023-01-18,20,Low chance of precipitation,997,3,38,12:00,1,Good,3,Sunny Intervals,A gentle breeze from the west north west,WNW,WNW,West North Westerly,18,11,2023-01-17T21:03:00+00:00,2023-01-18T00:24:29.279Z,2650225,Edinburgh
Sunny intervals and a gentle breeze,3,0,32,34,21,68,2023-01-18,19,Low chance of precipitation,998,4,39,13:00,1,Good,3,Sunny Intervals,A gentle breeze from the west north west,WNW,WNW,West North Westerly,19,12,2023-01-17T21:03:00+00:00,2023-01-18T00:24:29.279Z,2650225,Edinburgh
Sunny intervals and a gentle breeze,3,0,31,33,21,66,2023-01-18,13,Low chance of precipitation,999,4,39,14:00,1,Good,3,Sunny Intervals,A gentle breeze from the west north west,WNW,WNW,West North Westerly,18,11,2023-01-17T21:03:00+00:00,2023-01-18T00:24:29.279Z,2650225,Edinburgh
Sunny intervals and a gentle breeze,3,-1,31,32,20,67,2023-01-18,8,Low chance of precipitation,1000,3,38,15:00,1,Good,3,Sunny Intervals,A gentle breeze from the west north west,WNW,WNW,West North Westerly,18,11,2023-01-17T21:03:00+00:00,2023-01-18T00:24:29.279Z,2650225,Edinburgh
Sunny intervals and a gentle breeze,3,-2,29,30,19,69,2023-01-18,8,Low chance of precipitation,1000,2,36,16:00,1,Good,3,Sunny Intervals,A gentle breeze from the west north west,WNW,WNW,West North Westerly,17,10,2023-01-17T21:03:00+00:00,2023-01-18T00:24:29.279Z,2650225,Edinburgh
Partly cloudy and a gentle breeze,2,-3,27,29,18,73,2023-01-18,10,Low chance of precipitation,1001,1,34,17:00,1,Good,2,Partly Cloudy,A gentle breeze from the west north west,WNW,WNW,West North Westerly,16,10,2023-01-17T21:03:00+00:00,2023-01-18T00:24:29.279Z,2650225,Edinburgh
Partly cloudy and a gentle breeze,2,-4,25,28,18,77,2023-01-18,10,Low chance of precipitation,1002,1,33,18:00,1,Good,2,Partly Cloudy,A gentle breeze from the west,W,W,Westerly,15,9,2023-01-17T21:03:00+00:00,2023-01-18T00:24:29.279Z,2650225,Edinburgh
Partly cloudy and a gentle breeze,2,-5,24,27,17,81,2023-01-18,10,Low chance of precipitation,1002,0,32,19:00,1,Good,2,Partly Cloudy,A gentle breeze from the west,W,W,Westerly,14,9,2023-01-17T21:03:00+00:00,2023-01-18T00:24:29.279Z,2650225,Edinburgh
Partly cloudy and a gentle breeze,2,-5,23,27,17,83,2023-01-18,10,Low chance of precipitation,1003,-1,31,20:00,1,Good,2,Partly Cloudy,A gentle breeze from the west,W,W,Westerly,14,8,2023-01-17T21:03:00+00:00,2023-01-18T00:24:29.279Z,2650225,Edinburgh
Partly cloudy and a gentle breeze,2,-5,23,27,17,84,2023-01-18,9,Low chance of precipitation,1003,-1,30,21:00,1,Good,2,Partly Cloudy,A gentle breeze from the west south west,WSW,WSW,West South Westerly,13,8,2023-01-17T21:03:00+00:00,2023-01-18T00:24:29.279Z,2650225,Edinburgh
Partly cloudy and a gentle breeze,2,-5,22,27,17,85,2023-01-18,8,Low chance of precipitation,1003,-1,30,22:00,1,Good,2,Partly Cloudy,A gentle breeze from the west south west,WSW,WSW,West South Westerly,13,8,2023-01-17T21:03:00+00:00,2023-01-18T00:24:29.279Z,2650225,Edinburgh
Partly cloudy and a gentle breeze,2,-5,22,27,17,86,2023-01-18,7,Low chance of precipitation,1003,-1,30,23:00,1,Good,2,Partly Cloudy,A gentle breeze from the west south west,WSW,WSW,West South Westerly,13,8,2023-01-17T21:03:00+00:00,2023-01-18T00:24:29.279Z,2650225,Edinburgh
Partly cloudy and a gentle breeze,2,-5,22,27,17,87,2023-01-19,7,Low chance of precipitation,1003,-1,30,00:00,1,Good,2,Partly Cloudy,A gentle breeze from the west south west,WSW,WSW,West South Westerly,13,8,2023-01-17T21:03:00+00:00,2023-01-18T00:24:29.279Z,2650225,Edinburgh
Partly cloudy and a gentle breeze,2,-6,22,27,17,87,2023-01-19,8,Low chance of precipitation,1003,-1,29,01:00,1,Good,2,Partly Cloudy,A gentle breeze from the west south west,WSW,WSW,West South Westerly,13,8,2023-01-17T21:03:00+00:00,2023-01-18T00:24:29.279Z,2650225,Edinburgh
Partly cloudy and a gentle breeze,2,-6,22,27,17,87,2023-01-19,10,Low chance of precipitation,1003,-1,29,02:00,1,Good,2,Partly Cloudy,A gentle breeze from the west south west,WSW,WSW,West South Westerly,13,8,2023-01-17T21:03:00+00:00,2023-01-18T00:24:29.279Z,2650225,Edinburgh
Partly cloudy and a gentle breeze,2,-6,21,27,17,88,2023-01-19,8,Low chance of precipitation,1003,-1,29,03:00,1,Good,2,Partly Cloudy,A gentle breeze from the west south west,WSW,WSW,West South Westerly,13,8,2023-01-17T21:03:00+00:00,2023-01-18T00:24:29.279Z,2650225,Edinburgh
Partly cloudy and a gentle breeze,2,-6,21,27,17,88,2023-01-19,4,Low chance of precipitation,1003,-2,29,04:00,1,Good,2,Partly Cloudy,A gentle breeze from the west south west,WSW,WSW,West South Westerly,13,8,2023-01-17T21:03:00+00:00,2023-01-18T00:24:29.279Z,2650225,Edinburgh
Partly cloudy and a gentle breeze,2,-6,21,27,17,89,2023-01-19,3,Low chance of precipitation,1003,-1,29,05:00,1,Good,2,Partly Cloudy,A gentle breeze from the west south west,WSW,WSW,West South Westerly,13,8,2023-01-17T21:03:00+00:00,2023-01-18T00:24:29.279Z,2650225,Edinburgh
Partly cloudy and a gentle breeze,2,-6,22,26,16,89,2023-01-19,4,Low chance of precipitation,1003,-1,30,06:00,1,Good,2,Partly Cloudy,A gentle breeze from the west south west,WSW,WSW,West South Westerly,13,8,2023-01-17T21:03:00+00:00,2023-01-18T00:24:29.279Z,2650225,Edinburgh
Partly cloudy and a gentle breeze,2,-5,23,26,16,87,2023-01-19,6,Low chance of precipitation,1004,-1,31,07:00,1,Good,2,Partly Cloudy,A gentle breeze from the west south west,WSW,WSW,West South Westerly,13,8,2023-01-17T21:03:00+00:00,2023-01-18T00:24:29.279Z,2650225,Edinburgh
A clear sky and a gentle breeze,0,-5,24,27,17,85,2023-01-19,8,Low chance of precipitation,1004,0,31,08:00,1,Good,0,Clear Sky,A gentle breeze from the west south west,WSW,WSW,West South Westerly,14,8,2023-01-17T21:03:00+00:00,2023-01-18T00:24:29.279Z,2650225,Edinburgh
Sunny and a gentle breeze,1,-4,26,28,18,82,2023-01-19,12,Low chance of precipitation,1004,1,33,09:00,1,Good,1,Sunny,A gentle breeze from the west south west,WSW,WSW,West South Westerly,14,9,2023-01-17T21:03:00+00:00,2023-01-18T00:24:29.279Z,2650225,Edinburgh
Sunny and a gentle breeze,1,-2,28,30,19,79,2023-01-19,15,Low chance of precipitation,1005,1,35,10:00,1,Good,1,Sunny,A gentle breeze from the west south west,WSW,WSW,West South Westerly,15,9,2023-01-17T21:03:00+00:00,2023-01-18T00:24:29.279Z,2650225,Edinburgh
Sunny intervals and a gentle breeze,3,-1,29,32,20,75,2023-01-19,16,Low chance of precipitation,1005,2,36,11:00,1,Good,3,Sunny Intervals,A gentle breeze from the west south west,WSW,WSW,West South Westerly,16,10,2023-01-17T21:03:00+00:00,2023-01-18T00:24:29.279Z,2650225,Edinburgh
Sunny intervals and a gentle breeze,3,-1,31,32,20,72,2023-01-19,18,Low chance of precipitation,1005,3,38,12:00,1,Good,3,Sunny Intervals,A gentle breeze from the west south west,WSW,WSW,West South Westerly,16,10,2023-01-17T21:03:00+00:00,2023-01-18T00:24:29.279Z,2650225,Edinburgh
Sunny intervals and a gentle breeze,3,0,32,32,20,71,2023-01-19,18,Low chance of precipitation,1005,3,38,13:00,1,Good,3,Sunny Intervals,A gentle breeze from the west south west,WSW,WSW,West South Westerly,17,10,2023-01-17T21:03:00+00:00,2023-01-18T00:24:29.279Z,2650225,Edinburgh
Sunny intervals and a gentle breeze,3,0,32,32,20,72,2023-01-19,17,Low chance of precipitation,1005,3,38,14:00,1,Good,3,Sunny Intervals,A gentle breeze from the west south west,WSW,WSW,West South Westerly,16,10,2023-01-17T21:03:00+00:00,2023-01-18T00:24:29.279Z,2650225,Edinburgh
Sunny intervals and a gentle breeze,3,0,31,30,19,73,2023-01-19,16,Low chance of precipitation,1006,3,38,15:00,1,Good,3,Sunny Intervals,A gentle breeze from the west south west,WSW,WSW,West South Westerly,15,9,2023-01-17T21:03:00+00:00,2023-01-18T00:24:29.279Z,2650225,Edinburgh
Sunny intervals and a gentle breeze,3,-1,30,29,18,76,2023-01-19,16,Low chance of precipitation,1006,3,37,16:00,1,Good,3,Sunny Intervals,A gentle breeze from the west south west,WSW,WSW,West South Westerly,14,9,2023-01-17T21:03:00+00:00,2023-01-18T00:24:29.279Z,2650225,Edinburgh
Partly cloudy and a gentle breeze,2,-2,28,27,17,80,2023-01-19,13,Low chance of precipitation,1007,2,35,17:00,1,Good,2,Partly Cloudy,A gentle breeze from the west south west,WSW,WSW,West South Westerly,14,8,2023-01-17T21:03:00+00:00,2023-01-18T00:24:29.279Z,2650225,Edinburgh
Partly cloudy and a gentle breeze,2,-3,27,27,17,84,2023-01-19,11,Low chance of precipitation,1008,1,34,18:00,1,Good,2,Partly Cloudy,A gentle breeze from the west south west,WSW,WSW,West South Westerly,13,8,2023-01-17T21:03:00+00:00,2023-01-18T00:24:29.279Z,2650225,Edinburgh
Partly cloudy and a gentle breeze,2,-3,26,25,16,87,2023-01-19,10,Low chance of precipitation,1008,0,33,19:00,1,Good,2,Partly Cloudy,A gentle breeze from the west south west,WSW,WSW,West South Westerly,12,8,2023-01-17T21:03:00+00:00,2023-01-18T00:24:29.279Z,2650225,Edinburgh
Partly cloudy and light winds,2,-4,25,24,15,89,2023-01-19,9,Low chance of precipitation,1009,0,32,20:00,1,Good,2,Partly Cloudy,Light winds from the west south west,WSW,WSW,West South Westerly,12,7,2023-01-17T21:03:00+00:00,2023-01-18T00:24:29.279Z,2650225,Edinburgh
Partly cloudy and light winds,2,-4,25,23,14,90,2023-01-19,6,Low chance of precipitation,1010,0,31,21:00,1,Good,2,Partly Cloudy,Light winds from the west south west,WSW,WSW,West South Westerly,11,7,2023-01-17T21:03:00+00:00,2023-01-18T00:24:29.279Z,2650225,Edinburgh
Partly cloudy and light winds,2,-4,25,22,14,91,2023-01-19,5,Low chance of precipitation,1010,-1,31,22:00,1,Good,2,Partly Cloudy,Light winds from the west south west,WSW,WSW,West South Westerly,11,7,2023-01-17T21:03:00+00:00,2023-01-18T00:24:29.279Z,2650225,Edinburgh
Partly cloudy and light winds,2,-4,24,20,13,91,2023-01-19,3,Low chance of precipitation,1011,-1,30,23:00,1,Good,2,Partly Cloudy,Light winds from the west south west,WSW,WSW,West South Westerly,10,6,2023-01-17T21:03:00+00:00,2023-01-18T00:24:29.279Z,2650225,Edinburgh
Partly cloudy and light winds,2,-4,24,20,12,92,2023-01-20,3,Low chance of precipitation,1012,-1,30,00:00,1,Good,2,Partly Cloudy,Light winds from the west south west,WSW,WSW,West South Westerly,9,6,2023-01-17T21:03:00+00:00,2023-01-18T00:24:29.279Z,2650225,Edinburgh
Partly cloudy and light winds,2,-5,24,19,12,93,2023-01-20,4,Low chance of precipitation,1012,-1,30,01:00,1,Good,2,Partly Cloudy,Light winds from the west south west,WSW,WSW,West South Westerly,9,6,2023-01-17T21:03:00+00:00,2023-01-18T00:24:29.279Z,2650225,Edinburgh
Partly cloudy and light winds,2,-5,23,18,11,94,2023-01-20,6,Low chance of precipitation,1013,-2,29,02:00,1,Good,2,Partly Cloudy,Light winds from the west south west,WSW,WSW,West South Westerly,9,6,2023-01-17T21:03:00+00:00,2023-01-18T00:24:29.279Z,2650225,Edinburgh
Partly cloudy and light winds,2,-5,23,17,11,95,2023-01-20,5,Low chance of precipitation,1014,-2,29,03:00,1,Good,2,Partly Cloudy,Light winds from the west south west,WSW,WSW,West South Westerly,9,5,2023-01-17T21:03:00+00:00,2023-01-18T00:24:29.279Z,2650225,Edinburgh
Partly cloudy and light winds,2,-5,22,16,10,96,2023-01-20,3,Low chance of precipitation,1014,-2,28,04:00,1,Good,2,Partly Cloudy,Light winds from the west south west,WSW,WSW,West South Westerly,9,5,2023-01-17T21:03:00+00:00,2023-01-18T00:24:29.279Z,2650225,Edinburgh
Partly cloudy and light winds,2,-5,22,14,9,97,2023-01-20,3,Low chance of precipitation,1015,-2,28,05:00,1,Good,2,Partly Cloudy,Light winds from the west south west,WSW,WSW,West South Westerly,8,5,2023-01-17T21:03:00+00:00,2023-01-18T00:24:29.279Z,2650225,Edinburgh
Partly cloudy and light winds,2,-5,23,14,9,97,2023-01-20,4,Low chance of precipitation,1016,-2,28,06:00,1,Good,2,Partly Cloudy,Light winds from the west south west,WSW,WSW,West South Westerly,7,5,2023-01-17T21:03:00+00:00,2023-01-18T00:24:29.279Z,2650225,Edinburgh
Partly cloudy and light winds,2,-2,28,13,8,97,2023-01-20,3,Low chance of precipitation,1017,-2,28,07:00,1,Good,2,Partly Cloudy,Light winds from the west south west,WSW,WSW,West South Westerly,7,4,2023-01-17T21:03:00+00:00,2023-01-18T00:24:29.279Z,2650225,Edinburgh
Partly cloudy and light winds,2,-2,29,13,8,96,2023-01-20,3,Low chance of precipitation,1018,-2,29,08:00,1,Good,2,Partly Cloudy,Light winds from the west south west,WSW,WSW,West South Westerly,6,4,2023-01-17T21:03:00+00:00,2023-01-18T00:24:29.279Z,2650225,Edinburgh
Sunny intervals and light winds,3,-1,30,14,9,94,2023-01-20,5,Low chance of precipitation,1018,-1,30,09:00,1,Good,3,Sunny Intervals,Light winds from the west south west,WSW,WSW,West South Westerly,6,4,2023-01-17T21:03:00+00:00,2023-01-18T00:24:29.279Z,2650225,Edinburgh
Sunny intervals and light winds,3,0,32,15,9,91,2023-01-20,5,Low chance of precipitation,1019,0,32,10:00,1,Good,3,Sunny Intervals,Light winds from the west south west,WSW,WSW,West South Westerly,6,4,2023-01-17T21:03:00+00:00,2023-01-18T00:24:29.279Z,2650225,Edinburgh
Sunny and light winds,1,1,33,16,10,87,2023-01-20,5,Low chance of precipitation,1020,1,33,11:00,1,Good,1,Sunny,Light winds from the west south west,WSW,WSW,West South Westerly,7,4,2023-01-17T21:03:00+00:00,2023-01-18T00:24:29.279Z,2650225,Edinburgh
Sunny and light winds,1,1,34,17,10,84,2023-01-20,6,Low chance of precipitation,1021,1,34,12:00,1,Good,1,Sunny,Light winds from the west south west,WSW,WSW,West South Westerly,7,5,2023-01-17T21:03:00+00:00,2023-01-18T00:24:29.279Z,2650225,Edinburgh
Sunny intervals and light winds,3,-1,31,17,11,82,2023-01-20,6,Low chance of precipitation,1022,2,35,13:00,1,Good,3,Sunny Intervals,Light winds from the west south west,WSW,WSW,West South Westerly,7,5,2023-01-17T21:03:00+00:00,2023-01-18T00:24:29.279Z,2650225,Edinburgh
Sunny intervals and light winds,3,1,35,17,11,82,2023-01-20,6,Low chance of precipitation,1023,1,35,14:00,1,Good,3,Sunny Intervals,Light winds from the west south west,WSW,WSW,West South Westerly,7,5,2023-01-17T21:03:00+00:00,2023-01-18T00:24:29.279Z,2650225,Edinburgh
Sunny intervals and light winds,3,1,34,17,11,83,2023-01-20,6,Low chance of precipitation,1023,1,34,15:00,1,Good,3,Sunny Intervals,Light winds from the west south west,WSW,WSW,West South Westerly,7,4,2023-01-17T21:03:00+00:00,2023-01-18T00:24:29.279Z,2650225,Edinburgh
Sunny intervals and light winds,3,0,32,17,10,86,2023-01-20,6,Low chance of precipitation,1024,0,32,16:00,1,Good,3,Sunny Intervals,Light winds from the west south west,WSW,WSW,West South Westerly,7,4,2023-01-17T21:03:00+00:00,2023-01-18T00:24:29.279Z,2650225,Edinburgh
Partly cloudy and light winds,2,-1,31,16,10,90,2023-01-20,5,Low chance of precipitation,1024,-1,31,17:00,1,Good,2,Partly Cloudy,Light winds from the south west,SW,SW,South Westerly,7,5,2023-01-17T21:03:00+00:00,2023-01-18T00:24:29.279Z,2650225,Edinburgh
Partly cloudy and light winds,2,-1,30,16,10,93,2023-01-20,4,Low chance of precipitation,1025,-1,30,18:00,1,Good,2,Partly Cloudy,Light winds from the south west,SW,SW,South Westerly,7,5,2023-01-17T21:03:00+00:00,2023-01-18T00:24:29.279Z,2650225,Edinburgh
Partly cloudy and light winds,2,-1,29,16,10,94,2023-01-20,5,Low chance of precipitation,1025,-1,29,19:00,1,Good,2,Partly Cloudy,Light winds from the south west,SW,SW,South Westerly,7,4,2023-01-17T21:03:00+00:00,2023-01-18T00:24:29.279Z,2650225,Edinburgh
Light cloud and light winds,36,-1,30,15,9,93,2023-01-20,5,Low chance of precipitation,1026,-1,30,20:00,1,Good,7,Light Cloud,Light winds from the south west,SW,SW,South Westerly,7,4,2023-01-17T21:03:00+00:00,2023-01-18T00:24:29.279Z,2650225,Edinburgh
Light cloud and light winds,36,-1,30,15,9,90,2023-01-20,4,Low chance of precipitation,1026,-1,30,21:00,1,Good,7,Light Cloud,Light winds from the south west,SW,SW,South Westerly,7,4,2023-01-17T21:03:00+00:00,2023-01-18T00:24:29.279Z,2650225,Edinburgh
Light cloud and light winds,36,-1,31,15,9,88,2023-01-20,5,Low chance of precipitation,1027,-1,31,22:00,1,Good,7,Light Cloud,Light winds from the south west,SW,SW,South Westerly,7,4,2023-01-17T21:03:00+00:00,2023-01-18T00:24:29.279Z,2650225,Edinburgh
Light cloud and light winds,36,-1,31,17,10,88,2023-01-20,5,Low chance of precipitation,1027,-1,31,23:00,1,Good,7,Light Cloud,Light winds from the south west,SW,SW,South Westerly,7,4,2023-01-17T21:03:00+00:00,2023-01-18T00:24:29.279Z,2650225,Edinburgh
Light cloud and light winds,36,0,31,17,11,88,2023-01-21,6,Low chance of precipitation,1028,0,31,00:00,1,Good,7,Light Cloud,Light winds from the south west,SW,SW,South Westerly,7,5,2023-01-17T21:03:00+00:00,2023-01-18T00:24:29.279Z,2650225,Edinburgh
Light cloud and light winds,36,-3,27,19,12,88,2023-01-21,8,Low chance of precipitation,1028,0,32,01:00,1,Good,7,Light Cloud,Light winds from the south west,SW,SW,South Westerly,8,5,2023-01-17T21:03:00+00:00,2023-01-18T00:24:29.279Z,2650225,Edinburgh
Light cloud and light winds,36,-3,26,21,13,88,2023-01-21,11,Low chance of precipitation,1028,0,32,02:00,1,Good,7,Light Cloud,Light winds from the south west,SW,SW,South Westerly,9,6,2023-01-17T21:03:00+00:00,2023-01-18T00:24:29.279Z,2650225,Edinburgh
Light cloud and light winds,36,-3,26,23,14,89,2023-01-21,12,Low chance of precipitation,1028,0,32,03:00,1,Good,7,Light Cloud,Light winds from the south south west,SSW,SSW,South South Westerly,11,7,2023-01-17T21:03:00+00:00,2023-01-18T00:24:29.279Z,2650225,Edinburgh
Light cloud and light winds,36,-3,26,26,16,89,2023-01-21,12,Low chance of precipitation,1028,0,32,04:00,1,Good,7,Light Cloud,Light winds from the south south west,SSW,SSW,South South Westerly,12,7,2023-01-17T21:03:00+00:00,2023-01-18T00:24:29.279Z,2650225,Edinburgh
Light cloud and a gentle breeze,36,-3,26,28,17,89,2023-01-21,13,Low chance of precipitation,1028,1,33,05:00,1,Good,7,Light Cloud,A gentle breeze from the south south west,SSW,SSW,South South Westerly,12,8,2023-01-17T21:03:00+00:00,2023-01-18T00:24:29.279Z,2650225,Edinburgh
Light cloud and a gentle breeze,36,-3,27,29,18,88,2023-01-21,16,Low chance of precipitation,1028,1,34,06:00,1,Good,7,Light Cloud,A gentle breeze from the south south west,SSW,SSW,South South Westerly,13,8,2023-01-17T21:03:00+00:00,2023-01-18T00:24:29.279Z,2650225,Edinburgh
Light cloud and a gentle breeze,36,-2,29,30,19,87,2023-01-21,16,Low chance of precipitation,1028,2,35,07:00,1,Good,7,Light Cloud,A gentle breeze from the south south west,SSW,SSW,South South Westerly,14,9,2023-01-17T21:03:00+00:00,2023-01-18T00:24:29.279Z,2650225,Edinburgh
Light cloud and a gentle breeze,36,-1,30,32,20,87,2023-01-21,16,Low chance of precipitation,1028,3,37,08:00,1,Good,7,Light Cloud,A gentle breeze from the south south west,SSW,SSW,South South Westerly,15,9,2023-01-17T21:03:00+00:00,2023-01-18T00:24:29.279Z,2650225,Edinburgh
Light cloud and a gentle breeze,7,-1,31,34,21,88,2023-01-21,18,Low chance of precipitation,1028,3,37,09:00,1,Good,7,Light Cloud,A gentle breeze from the south south west,SSW,SSW,South South Westerly,15,10,2023-01-17T21:03:00+00:00,2023-01-18T00:24:29.279Z,2650225,Edinburgh
Light cloud and a gentle breeze,7,0,33,37,23,88,2023-01-21,19,Low chance of precipitation,1028,4,39,10:00,1,Good,7,Light Cloud,A gentle breeze from the south south west,SSW,SSW,South South Westerly,17,10,2023-01-17T21:03:00+00:00,2023-01-18T00:24:29.279Z,2650225,Edinburgh
Light cloud and a gentle breeze,7,1,34,39,25,86,2023-01-21,19,Low chance of precipitation,1028,5,41,11:00,1,Good,7,Light Cloud,A gentle breeze from the south south west,SSW,SSW,South South Westerly,18,11,2023-01-17T21:03:00+00:00,2023-01-18T00:24:29.279Z,2650225,Edinburgh
Light cloud and a gentle breeze,7,2,35,41,26,86,2023-01-21,20,Low chance of precipitation,1028,5,41,12:00,1,Good,7,Light Cloud,A gentle breeze from the south south west,SSW,SSW,South South Westerly,20,12,2023-01-17T21:03:00+00:00,2023-01-18T00:24:29.279Z,2650225,Edinburgh
Light cloud and a moderate breeze,7,3,37,42,26,85,2023-01-21,20,Low chance of precipitation,1028,6,42,13:00,1,Good,7,Light Cloud,A moderate breeze from the south south west,SSW,SSW,South South Westerly,21,13,2023-01-17T21:03:00+00:00,2023-01-18T00:24:29.279Z,2650225,Edinburgh
Light cloud and a moderate breeze,7,3,37,43,27,86,2023-01-21,20,Low chance of precipitation,1028,6,43,14:00,1,Good,7,Light Cloud,A moderate breeze from the south south west,SSW,SSW,South South Westerly,22,13,2023-01-17T21:03:00+00:00,2023-01-18T00:24:29.279Z,2650225,Edinburgh
Light cloud and a moderate breeze,7,2,36,43,27,87,2023-01-21,19,Low chance of precipitation,1028,6,42,15:00,1,Good,7,Light Cloud,A moderate breeze from the south south west,SSW,SSW,South South Westerly,22,14,2023-01-17T21:03:00+00:00,2023-01-18T00:24:29.279Z,2650225,Edinburgh
Light cloud and a moderate breeze,7,2,35,43,27,89,2023-01-21,18,Low chance of precipitation,1027,5,41,16:00,1,Good,7,Light Cloud,A moderate breeze from the south south west,SSW,SSW,South South Westerly,22,14,2023-01-17T21:03:00+00:00,2023-01-18T00:24:29.279Z,2650225,Edinburgh
Light cloud and a moderate breeze,36,2,35,42,26,91,2023-01-21,17,Low chance of precipitation,1027,5,41,17:00,1,Good,7,Light Cloud,A moderate breeze from the south south west,SSW,SSW,South South Westerly,22,14,2023-01-17T21:03:00+00:00,2023-01-18T00:24:29.279Z,2650225,Edinburgh
Light cloud and a moderate breeze,36,2,35,42,26,91,2023-01-21,16,Low chance of precipitation,1027,5,41,18:00,1,Good,7,Light Cloud,A moderate breeze from the south south west,SSW,SSW,South South Westerly,22,14,2023-01-17T21:03:00+00:00,2023-01-18T00:24:29.279Z,2650225,Edinburgh
Light cloud and a moderate breeze,36,2,35,42,26,90,2023-01-21,18,Low chance of precipitation,1027,5,42,19:00,1,Good,7,Light Cloud,A moderate breeze from the south south west,SSW,SSW,South South Westerly,22,14,2023-01-17T21:03:00+00:00,2023-01-18T00:24:29.279Z,2650225,Edinburgh
Light cloud and a moderate breeze,36,2,36,41,26,89,2023-01-21,19,Low chance of precipitation,1027,6,42,20:00,1,Good,7,Light Cloud,A moderate breeze from the south south west,SSW,SSW,South South Westerly,22,14,2023-01-17T21:03:00+00:00,2023-01-18T00:24:29.279Z,2650225,Edinburgh
Light cloud and a moderate breeze,36,2,36,41,25,87,2023-01-21,19,Low chance of precipitation,1027,6,42,21:00,1,Good,7,Light Cloud,A moderate breeze from the south west,SW,SW,South Westerly,22,13,2023-01-17T21:03:00+00:00,2023-01-18T00:24:29.279Z,2650225,Edinburgh
Light cloud and a moderate breeze,36,3,37,40,25,86,2023-01-21,20,Low chance of precipitation,1027,6,43,22:00,1,Good,7,Light Cloud,A moderate breeze from the south west,SW,SW,South Westerly,21,13,2023-01-17T21:03:00+00:00,2023-01-18T00:24:29.279Z,2650225,Edinburgh
Light cloud and a moderate breeze,36,3,37,39,24,85,2023-01-21,20,Low chance of precipitation,1027,6,43,23:00,1,Good,7,Light Cloud,A moderate breeze from the south west,SW,SW,South Westerly,21,13,2023-01-17T21:03:00+00:00,2023-01-18T00:24:29.279Z,2650225,Edinburgh
Light cloud and a moderate breeze,36,3,37,39,24,85,2023-01-22,20,Low chance of precipitation,1027,6,43,00:00,1,Good,7,Light Cloud,A moderate breeze from the south west,SW,SW,South Westerly,20,13,2023-01-17T21:03:00+00:00,2023-01-18T00:24:29.279Z,2650225,Edinburgh
Light cloud and a moderate breeze,36,3,37,38,24,85,2023-01-22,21,Low chance of precipitation,1027,6,43,01:00,1,Good,7,Light Cloud,A moderate breeze from the south west,SW,SW,South Westerly,20,13,2023-01-17T21:03:00+00:00,2023-01-18T00:24:29.279Z,2650225,Edinburgh
Light cloud and a moderate breeze,36,3,38,38,24,85,2023-01-22,23,Low chance of precipitation,1027,6,43,02:00,1,Good,7,Light Cloud,A moderate breeze from the south west,SW,SW,South Westerly,20,13,2023-01-17T21:03:00+00:00,2023-01-18T00:24:29.279Z,2650225,Edinburgh
Light cloud and a gentle breeze,36,3,38,37,23,85,2023-01-22,22,Low chance of precipitation,1027,6,43,03:00,1,Good,7,Light Cloud,A gentle breeze from the south west,SW,SW,South Westerly,20,12,2023-01-17T21:03:00+00:00,2023-01-18T00:24:29.279Z,2650225,Edinburgh
Light cloud and a gentle breeze,36,3,38,36,22,85,2023-01-22,20,Low chance of precipitation,1026,6,43,04:00,1,Good,7,Light Cloud,A gentle breeze from the south west,SW,SW,South Westerly,20,12,2023-01-17T21:03:00+00:00,2023-01-18T00:24:29.279Z,2650225,Edinburgh
Light cloud and a gentle breeze,36,3,38,35,22,85,2023-01-22,20,Low chance of precipitation,1026,6,43,05:00,1,Good,7,Light Cloud,A gentle breeze from the south west,SW,SW,South Westerly,19,12,2023-01-17T21:03:00+00:00,2023-01-18T00:24:29.279Z,2650225,Edinburgh
Light cloud and a gentle breeze,36,3,38,34,21,86,2023-01-22,19,Low chance of precipitation,1026,6,43,06:00,1,Good,7,Light Cloud,A gentle breeze from the south south west,SSW,SSW,South South Westerly,19,12,2023-01-17T21:03:00+00:00,2023-01-18T00:24:29.279Z,2650225,Edinburgh
Light cloud and a gentle breeze,36,3,38,34,21,87,2023-01-22,17,Low chance of precipitation,1026,6,43,07:00,1,Good,7,Light Cloud,A gentle breeze from the south south west,SSW,SSW,South South Westerly,18,11,2023-01-17T21:03:00+00:00,2023-01-18T00:24:29.279Z,2650225,Edinburgh
Light cloud and a gentle breeze,36,4,39,34,21,89,2023-01-22,15,Low chance of precipitation,1026,6,43,08:00,1,Good,7,Light Cloud,A gentle breeze from the south south west,SSW,SSW,South South Westerly,18,11,2023-01-17T21:03:00+00:00,2023-01-18T00:24:29.279Z,2650225,Edinburgh
Light cloud and a gentle breeze,7,4,39,34,21,91,2023-01-22,14,Low chance of precipitation,1027,7,44,09:00,1,Good,7,Light Cloud,A gentle breeze from the south south west,SSW,SSW,South South Westerly,18,11,2023-01-17T21:03:00+00:00,2023-01-18T00:24:29.279Z,2650225,Edinburgh
Light cloud and a gentle breeze,7,4,39,34,21,92,2023-01-22,14,Low chance of precipitation,1027,7,44,10:00,1,Good,7,Light Cloud,A gentle breeze from the south south west,SSW,SSW,South South Westerly,18,11,2023-01-17T21:03:00+00:00,2023-01-18T00:24:29.279Z,2650225,Edinburgh
Light cloud and a gentle breeze,7,5,41,35,22,92,2023-01-22,14,Low chance of precipitation,1027,7,45,11:00,1,Good,7,Light Cloud,A gentle breeze from the south south west,SSW,SSW,South South Westerly,18,11,2023-01-17T21:03:00+00:00,2023-01-18T00:24:29.279Z,2650225,Edinburgh
Light cloud and a gentle breeze,7,5,41,35,22,92,2023-01-22,14,Low chance of precipitation,1027,7,45,12:00,1,Good,7,Light Cloud,A gentle breeze from the south south west,SSW,SSW,South South Westerly,19,12,2023-01-17T21:03:00+00:00,2023-01-18T00:24:29.279Z,2650225,Edinburgh
Light cloud and a gentle breeze,7,5,42,35,22,91,2023-01-22,17,Low chance of precipitation,1027,8,46,13:00,1,Good,7,Light Cloud,A gentle breeze from the south west,SW,SW,South Westerly,18,11,2023-01-17T21:03:00+00:00,2023-01-18T00:24:29.279Z,2650225,Edinburgh
Light cloud and a gentle breeze,7,5,42,35,22,90,2023-01-22,19,Low chance of precipitation,1027,8,46,14:00,1,Good,7,Light Cloud,A gentle breeze from the south west,SW,SW,South Westerly,18,11,2023-01-17T21:03:00+00:00,2023-01-18T00:24:29.279Z,2650225,Edinburgh
Light cloud and a gentle breeze,7,5,41,34,21,90,2023-01-22,20,Low chance of precipitation,1027,7,45,15:00,1,Good,7,Light Cloud,A gentle breeze from the south west,SW,SW,South Westerly,18,11,2023-01-17T21:03:00+00:00,2023-01-18T00:24:29.279Z,2650225,Edinburgh
Light cloud and a gentle breeze,7,5,41,32,20,91,2023-01-22,21,Low chance of precipitation,1027,7,45,16:00,1,Good,7,Light Cloud,A gentle breeze from the south west,SW,SW,South Westerly,18,11,2023-01-17T21:03:00+00:00,2023-01-18T00:24:29.279Z,2650225,Edinburgh
Light cloud and a gentle breeze,36,4,40,31,19,93,2023-01-22,21,Low chance of precipitation,1027,7,44,17:00,1,Good,7,Light Cloud,A gentle breeze from the south west,SW,SW,South Westerly,17,11,2023-01-17T21:03:00+00:00,2023-01-18T00:24:29.279Z,2650225,Edinburgh
Light cloud and a gentle breeze,36,4,40,31,19,93,2023-01-22,21,Low chance of precipitation,1027,7,44,18:00,1,Good,7,Light Cloud,A gentle breeze from the south west,SW,SW,South Westerly,17,10,2023-01-17T21:03:00+00:00,2023-01-18T00:24:29.279Z,2650225,Edinburgh
Light cloud and a gentle breeze,36,4,40,30,19,92,2023-01-22,22,Low chance of precipitation,1027,7,44,19:00,1,Good,7,Light Cloud,A gentle breeze from the south west,SW,SW,South Westerly,16,10,2023-01-17T21:03:00+00:00,2023-01-18T00:24:29.279Z,2650225,Edinburgh
Light cloud and a gentle breeze,36,5,40,29,18,91,2023-01-22,22,Low chance of precipitation,1027,7,44,20:00,1,Good,7,Light Cloud,A gentle breeze from the south west,SW,SW,South Westerly,15,9,2023-01-17T21:03:00+00:00,2023-01-18T00:24:29.279Z,2650225,Edinburgh
Light cloud and a gentle breeze,36,5,40,28,17,90,2023-01-22,21,Low chance of precipitation,1026,7,44,21:00,1,Good,7,Light Cloud,A gentle breeze from the south west,SW,SW,South Westerly,15,9,2023-01-17T21:03:00+00:00,2023-01-18T00:24:29.279Z,2650225,Edinburgh
Light cloud and a gentle breeze,36,5,41,27,17,89,2023-01-22,22,Low chance of precipitation,1026,7,45,22:00,1,Good,7,Light Cloud,A gentle breeze from the south west,SW,SW,South Westerly,14,9,2023-01-17T21:03:00+00:00,2023-01-18T00:24:29.279Z,2650225,Edinburgh
Light cloud and a gentle breeze,36,5,41,26,16,89,2023-01-22,22,Low chance of precipitation,1026,7,45,23:00,1,Good,7,Light Cloud,A gentle breeze from the south west,SW,SW,South Westerly,13,8,2023-01-17T21:03:00+00:00,2023-01-18T00:24:29.279Z,2650225,Edinburgh
Light cloud and a gentle breeze,36,5,41,26,16,90,2023-01-23,21,Low chance of precipitation,1025,7,45,00:00,1,Good,7,Light Cloud,A gentle breeze from the south west,SW,SW,South Westerly,13,8,2023-01-17T21:03:00+00:00,2023-01-18T00:24:29.279Z,2650225,Edinburgh
Light cloud and a gentle breeze,36,5,41,27,17,90,2023-01-23,22,Low chance of precipitation,1025,7,45,01:00,1,Good,7,Light Cloud,A gentle breeze from the south west,SW,SW,South Westerly,13,8,2023-01-17T21:03:00+00:00,2023-01-18T00:24:29.279Z,2650225,Edinburgh
Light cloud and a gentle breeze,36,5,41,27,17,90,2023-01-23,24,Low chance of precipitation,1024,7,45,02:00,1,Good,7,Light Cloud,A gentle breeze from the south west,SW,SW,South Westerly,13,8,2023-01-17T21:03:00+00:00,2023-01-18T00:24:29.279Z,2650225,Edinburgh
Light cloud and a gentle breeze,36,5,41,27,17,90,2023-01-23,23,Low chance of precipitation,1024,7,45,03:00,1,Good,7,Light Cloud,A gentle breeze from the south west,SW,SW,South Westerly,14,9,2023-01-17T21:03:00+00:00,2023-01-18T00:24:29.279Z,2650225,Edinburgh
Light cloud and a gentle breeze,36,5,41,28,17,91,2023-01-23,21,Low chance of precipitation,1023,7,45,04:00,1,Good,7,Light Cloud,A gentle breeze from the south west,SW,SW,South Westerly,14,9,2023-01-17T21:03:00+00:00,2023-01-18T00:24:29.279Z,2650225,Edinburgh
Light cloud and a gentle breeze,36,5,41,28,17,92,2023-01-23,22,Low chance of precipitation,1023,7,45,05:00,1,Good,7,Light Cloud,A gentle breeze from the south west,SW,SW,South Westerly,14,9,2023-01-17T21:03:00+00:00,2023-01-18T00:24:29.279Z,2650225,Edinburgh
Light cloud and a gentle breeze,36,5,40,28,17,93,2023-01-23,24,Low chance of precipitation,1023,7,44,06:00,1,Good,7,Light Cloud,A gentle breeze from the south west,SW,SW,South Westerly,14,9,2023-01-17T21:03:00+00:00,2023-01-18T00:24:29.279Z,2650225,Edinburgh
Light cloud and a gentle breeze,36,5,40,28,18,93,2023-01-23,25,Low chance of precipitation,1023,7,44,07:00,1,Good,7,Light Cloud,A gentle breeze from the south west,SW,SW,South Westerly,14,9,2023-01-17T21:03:00+00:00,2023-01-18T00:24:29.279Z,2650225,Edinburgh
Light cloud and a gentle breeze,36,5,41,29,18,94,2023-01-23,27,Low chance of precipitation,1023,7,44,08:00,1,Good,7,Light Cloud,A gentle breeze from the south west,SW,SW,South Westerly,14,9,2023-01-17T21:03:00+00:00,2023-01-18T00:24:29.279Z,2650225,Edinburgh
Drizzle and a gentle breeze,11,5,41,31,19,94,2023-01-23,31,Chance of precipitation,1023,7,45,09:00,1,Good,11,Drizzle,A gentle breeze from the south west,SW,SW,South Westerly,14,9,2023-01-17T21:03:00+00:00,2023-01-18T00:24:29.279Z,2650225,Edinburgh
Drizzle and a gentle breeze,11,5,42,32,20,93,2023-01-23,33,Chance of precipitation,1023,7,45,10:00,1,Good,11,Drizzle,A gentle breeze from the south west,SW,SW,South Westerly,15,9,2023-01-17T21:03:00+00:00,2023-01-18T00:24:29.279Z,2650225,Edinburgh
Drizzle and a gentle breeze,11,6,43,34,21,92,2023-01-23,34,Chance of precipitation,1023,8,46,11:00,1,Good,11,Drizzle,A gentle breeze from the south west,SW,SW,South Westerly,16,10,2023-01-17T21:03:00+00:00,2023-01-18T00:24:29.279Z,2650225,Edinburgh
Light cloud and a gentle breeze,7,6,43,34,21,91,2023-01-23,35,Chance of precipitation,1023,8,47,12:00,1,Good,7,Light Cloud,A gentle breeze from the south west,SW,SW,South Westerly,16,10,2023-01-17T21:03:00+00:00,2023-01-18T00:24:29.279Z,2650225,Edinburgh
Light cloud and a gentle breeze,7,7,44,34,21,89,2023-01-23,34,Chance of precipitation,1024,8,47,13:00,1,Good,7,Light Cloud,A gentle breeze from the south west,SW,SW,South Westerly,17,10,2023-01-17T21:03:00+00:00,2023-01-18T00:24:29.279Z,2650225,Edinburgh
Light cloud and a gentle breeze,7,7,44,32,20,87,2023-01-23,31,Chance of precipitation,1024,9,47,14:00,1,Good,7,Light Cloud,A gentle breeze from the south west,SW,SW,South Westerly,17,10,2023-01-17T21:03:00+00:00,2023-01-18T00:24:29.279Z,2650225,Edinburgh
Light cloud and a gentle breeze,7,6,43,31,19,87,2023-01-23,29,Low chance of precipitation,1024,8,47,15:00,1,Good,7,Light Cloud,A gentle breeze from the south west,SW,SW,South Westerly,17,10,2023-01-17T21:03:00+00:00,2023-01-18T00:24:29.279Z,2650225,Edinburgh
Light cloud and a gentle breeze,7,6,43,29,18,87,2023-01-23,27,Low chance of precipitation,1024,8,47,16:00,1,Good,7,Light Cloud,A gentle breeze from the south west,SW,SW,South Westerly,16,10,2023-01-17T21:03:00+00:00,2023-01-18T00:24:29.279Z,2650225,Edinburgh
Light cloud and a gentle breeze,36,6,43,28,18,86,2023-01-23,24,Low chance of precipitation,1024,8,47,17:00,1,Good,7,Light Cloud,A gentle breeze from the south west,SW,SW,South Westerly,16,10,2023-01-17T21:03:00+00:00,2023-01-18T00:24:29.279Z,2650225,Edinburgh
Light cloud and a gentle breeze,36,6,43,29,18,85,2023-01-23,23,Low chance of precipitation,1024,8,47,18:00,1,Good,7,Light Cloud,A gentle breeze from the south west,SW,SW,South Westerly,15,9,2023-01-17T21:03:00+00:00,2023-01-18T00:24:29.279Z,2650225,Edinburgh
Light cloud and a gentle breeze,36,7,44,29,18,84,2023-01-23,25,Low chance of precipitation,1025,9,47,19:00,1,Good,7,Light Cloud,A gentle breeze from the south west,SW,SW,South Westerly,15,9,2023-01-17T21:03:00+00:00,2023-01-18T00:24:29.279Z,2650225,Edinburgh
Light cloud and a gentle breeze,36,7,44,29,18,84,2023-01-23,24,Low chance of precipitation,1025,9,47,20:00,1,Good,7,Light Cloud,A gentle breeze from the south west,SW,SW,South Westerly,15,9,2023-01-17T21:03:00+00:00,2023-01-18T00:24:29.279Z,2650225,Edinburgh
Light cloud and a gentle breeze,36,7,45,29,18,83,2023-01-23,22,Low chance of precipitation,1025,9,48,21:00,1,Good,7,Light Cloud,A gentle breeze from the south west,SW,SW,South Westerly,14,9,2023-01-17T21:03:00+00:00,2023-01-18T00:24:29.279Z,2650225,Edinburgh
Light cloud and a gentle breeze,36,7,45,29,18,83,2023-01-23,23,Low chance of precipitation,1025,9,48,22:00,1,Good,7,Light Cloud,A gentle breeze from the south west,SW,SW,South Westerly,14,9,2023-01-17T21:03:00+00:00,2023-01-18T00:24:29.279Z,2650225,Edinburgh
Light cloud and a gentle breeze,36,7,45,29,18,83,2023-01-23,22,Low chance of precipitation,1026,9,48,23:00,1,Good,7,Light Cloud,A gentle breeze from the south west,SW,SW,South Westerly,14,9,2023-01-17T21:03:00+00:00,2023-01-18T00:24:29.279Z,2650225,Edinburgh
Light cloud and a gentle breeze,36,7,45,29,18,84,2023-01-24,21,Low chance of precipitation,1026,9,48,00:00,1,Good,7,Light Cloud,A gentle breeze from the south west,SW,SW,South Westerly,14,9,2023-01-17T21:03:00+00:00,2023-01-18T00:24:29.279Z,2650225,Edinburgh
Light cloud and a gentle breeze,36,7,45,29,18,84,2023-01-24,22,Low chance of precipitation,1026,9,48,01:00,1,Good,7,Light Cloud,A gentle breeze from the south west,SW,SW,South Westerly,14,9,2023-01-17T21:03:00+00:00,2023-01-18T00:24:29.279Z,2650225,Edinburgh
Light cloud and a gentle breeze,36,7,45,29,18,84,2023-01-24,23,Low chance of precipitation,1026,9,48,02:00,1,Good,7,Light Cloud,A gentle breeze from the south west,SW,SW,South Westerly,14,9,2023-01-17T21:03:00+00:00,2023-01-18T00:24:29.279Z,2650225,Edinburgh
Light cloud and a gentle breeze,36,7,45,28,18,84,2023-01-24,22,Low chance of precipitation,1026,9,48,03:00,1,Good,7,Light Cloud,A gentle breeze from the south west,SW,SW,South Westerly,14,9,2023-01-17T21:03:00+00:00,2023-01-18T00:24:29.279Z,2650225,Edinburgh
Light cloud and a gentle breeze,36,7,45,28,18,85,2023-01-24,20,Low chance of precipitation,1026,9,48,04:00,1,Good,7,Light Cloud,A gentle breeze from the south west,SW,SW,South Westerly,14,9,2023-01-17T21:03:00+00:00,2023-01-18T00:24:29.279Z,2650225,Edinburgh
Light cloud and a gentle breeze,36,7,45,28,17,86,2023-01-24,19,Low chance of precipitation,1027,9,48,05:00,1,Good,7,Light Cloud,A gentle breeze from the south west,SW,SW,South Westerly,14,9,2023-01-17T21:03:00+00:00,2023-01-18T00:24:29.279Z,2650225,Edinburgh
Light cloud and a gentle breeze,36,7,44,27,17,88,2023-01-24,19,Low chance of precipitation,1027,8,47,06:00,1,Good,7,Light Cloud,A gentle breeze from the south west,SW,SW,South Westerly,14,9,2023-01-17T21:03:00+00:00,2023-01-18T00:24:29.279Z,2650225,Edinburgh
Light cloud and a gentle breeze,36,6,43,28,17,90,2023-01-24,18,Low chance of precipitation,1027,8,47,07:00,1,Good,7,Light Cloud,A gentle breeze from the south west,SW,SW,South Westerly,14,9,2023-01-17T21:03:00+00:00,2023-01-18T00:24:29.279Z,2650225,Edinburgh
Light cloud and a gentle breeze,36,6,43,29,18,92,2023-01-24,18,Low chance of precipitation,1027,8,47,08:00,1,Good,7,Light Cloud,A gentle breeze from the south west,SW,SW,South Westerly,15,9,2023-01-17T21:03:00+00:00,2023-01-18T00:24:29.279Z,2650225,Edinburgh
Light cloud and a gentle breeze,7,6,43,30,18,94,2023-01-24,18,Low chance of precipitation,1028,8,47,09:00,1,Good,7,Light Cloud,A gentle breeze from the south west,SW,SW,South Westerly,15,9,2023-01-17T21:03:00+00:00,2023-01-18T00:24:29.279Z,2650225,Edinburgh
Light cloud and a gentle breeze,7,7,44,31,19,95,2023-01-24,19,Low chance of precipitation,1028,8,47,10:00,1,Good,7,Light Cloud,A gentle breeze from the south west,SW,SW,South Westerly,16,10,2023-01-17T21:03:00+00:00,2023-01-18T00:24:29.279Z,2650225,Edinburgh
Light cloud and a gentle breeze,7,7,44,33,21,94,2023-01-24,19,Low chance of precipitation,1028,9,47,11:00,1,Good,7,Light Cloud,A gentle breeze from the south west,SW,SW,South Westerly,17,10,2023-01-17T21:03:00+00:00,2023-01-18T00:24:29.279Z,2650225,Edinburgh
Light cloud and a gentle breeze,7,7,45,34,21,94,2023-01-24,20,Low chance of precipitation,1028,9,48,12:00,1,Good,7,Light Cloud,A gentle breeze from the south west,SW,SW,South Westerly,17,11,2023-01-17T21:03:00+00:00,2023-01-18T00:24:29.279Z,2650225,Edinburgh
Light cloud and a gentle breeze,7,7,45,34,21,92,2023-01-24,21,Low chance of precipitation,1028,9,48,13:00,1,Good,7,Light Cloud,A gentle breeze from the south west,SW,SW,South Westerly,18,11,2023-01-17T21:03:00+00:00,2023-01-18T00:24:29.279Z,2650225,Edinburgh
Light cloud and a gentle breeze,7,7,45,34,21,90,2023-01-24,22,Low chance of precipitation,1028,9,48,14:00,1,Good,7,Light Cloud,A gentle breeze from the south west,SW,SW,South Westerly,17,11,2023-01-17T21:03:00+00:00,2023-01-18T00:24:29.279Z,2650225,Edinburgh
Light cloud and a gentle breeze,7,7,45,33,20,88,2023-01-24,22,Low chance of precipitation,1028,9,48,15:00,1,Good,7,Light Cloud,A gentle breeze from the south west,SW,SW,South Westerly,17,11,2023-01-17T21:03:00+00:00,2023-01-18T00:24:29.279Z,2650225,Edinburgh
Light cloud and a gentle breeze,7,7,45,32,20,88,2023-01-24,22,Low chance of precipitation,1028,9,48,16:00,1,Good,7,Light Cloud,A gentle breeze from the south west,SW,SW,South Westerly,17,11,2023-01-17T21:03:00+00:00,2023-01-18T00:24:29.279Z,2650225,Edinburgh
Light cloud and a gentle breeze,36,7,44,31,19,88,2023-01-24,21,Low chance of precipitation,1028,9,47,17:00,1,Good,7,Light Cloud,A gentle breeze from the south west,SW,SW,South Westerly,16,10,2023-01-17T21:03:00+00:00,2023-01-18T00:24:29.279Z,2650225,Edinburgh
Light cloud and a gentle breeze,36,6,43,31,19,87,2023-01-24,21,Low chance of precipitation,1028,8,47,18:00,1,Good,7,Light Cloud,A gentle breeze from the south west,SW,SW,South Westerly,16,10,2023-01-17T21:03:00+00:00,2023-01-18T00:24:29.279Z,2650225,Edinburgh
Light cloud and a gentle breeze,36,6,43,30,19,88,2023-01-24,22,Low chance of precipitation,1028,8,47,19:00,1,Good,7,Light Cloud,A gentle breeze from the south west,SW,SW,South Westerly,16,10,2023-01-17T21:03:00+00:00,2023-01-18T00:24:29.279Z,2650225,Edinburgh
Light cloud and a gentle breeze,36,6,43,30,19,89,2023-01-24,22,Low chance of precipitation,1028,8,46,20:00,1,Good,7,Light Cloud,A gentle breeze from the south west,SW,SW,South Westerly,15,9,2023-01-17T21:03:00+00:00,2023-01-18T00:24:29.279Z,2650225,Edinburgh
Light cloud and a gentle breeze,36,6,42,29,18,90,2023-01-24,21,Low chance of precipitation,1027,8,46,21:00,1,Good,7,Light Cloud,A gentle breeze from the west south west,WSW,WSW,West South Westerly,15,9,2023-01-17T21:03:00+00:00,2023-01-18T00:24:29.279Z,2650225,Edinburgh
Light cloud and a gentle breeze,36,6,42,29,18,91,2023-01-24,22,Low chance of precipitation,1027,8,46,22:00,1,Good,7,Light Cloud,A gentle breeze from the west south west,WSW,WSW,West South Westerly,15,9,2023-01-17T21:03:00+00:00,2023-01-18T00:24:29.279Z,2650225,Edinburgh
Light cloud and a gentle breeze,36,5,42,29,18,92,2023-01-24,21,Low chance of precipitation,1027,7,45,23:00,1,Good,7,Light Cloud,A gentle breeze from the west south west,WSW,WSW,West South Westerly,15,9,2023-01-17T21:03:00+00:00,2023-01-18T00:24:29.279Z,2650225,Edinburgh
Light cloud and a gentle breeze,36,5,41,29,18,94,2023-01-25,21,Low chance of precipitation,1026,7,45,00:00,1,Good,7,Light Cloud,A gentle breeze from the west south west,WSW,WSW,West South Westerly,14,9,2023-01-17T21:03:00+00:00,2023-01-18T00:24:29.279Z,2650225,Edinburgh
Light cloud and a gentle breeze,36,5,41,29,18,94,2023-01-25,22,Low chance of precipitation,1026,7,45,01:00,1,Good,7,Light Cloud,A gentle breeze from the west south west,WSW,WSW,West South Westerly,14,9,2023-01-17T21:03:00+00:00,2023-01-18T00:24:29.279Z,2650225,Edinburgh
Light cloud and a gentle breeze,36,5,41,29,18,93,2023-01-25,23,Low chance of precipitation,1025,7,45,02:00,1,Good,7,Light Cloud,A gentle breeze from the west south west,WSW,WSW,West South Westerly,15,9,2023-01-17T21:03:00+00:00,2023-01-18T00:24:29.279Z,2650225,Edinburgh
Light cloud and a gentle breeze,36,5,41,28,18,92,2023-01-25,22,Low chance of precipitation,1025,7,45,03:00,1,Good,7,Light Cloud,A gentle breeze from the west south west,WSW,WSW,West South Westerly,14,9,2023-01-17T21:03:00+00:00,2023-01-18T00:24:29.279Z,2650225,Edinburgh
Light cloud and a gentle breeze,36,5,41,28,18,91,2023-01-25,19,Low chance of precipitation,1024,7,45,04:00,1,Good,7,Light Cloud,A gentle breeze from the west south west,WSW,WSW,West South Westerly,14,9,2023-01-17T21:03:00+00:00,2023-01-18T00:24:29.279Z,2650225,Edinburgh
Light cloud and a gentle breeze,36,5,41,28,17,91,2023-01-25,19,Low chance of precipitation,1024,7,45,05:00,1,Good,7,Light Cloud,A gentle breeze from the west south west,WSW,WSW,West South Westerly,14,9,2023-01-17T21:03:00+00:00,2023-01-18T00:24:29.279Z,2650225,Edinburgh
Light cloud and a gentle breeze,36,5,41,27,17,91,2023-01-25,19,Low chance of precipitation,1023,7,45,06:00,1,Good,7,Light Cloud,A gentle breeze from the west south west,WSW,WSW,West South Westerly,14,9,2023-01-18T00:24:29+00:00,2023-01-18T00:24:29.279Z,2650225,Edinburgh
Light cloud and a gentle breeze,36,5,41,27,17,92,2023-01-25,18,Low chance of precipitation,1024,7,44,07:00,1,Good,7,Light Cloud,A gentle breeze from the west south west,WSW,WSW,West South Westerly,14,9,2023-01-18T00:24:29+00:00,2023-01-18T00:24:29.279Z,2650225,Edinburgh
Light cloud and a gentle breeze,36,5,41,28,17,93,2023-01-25,18,Low chance of precipitation,1024,7,44,08:00,1,Good,7,Light Cloud,A gentle breeze from the west south west,WSW,WSW,West South Westerly,14,9,2023-01-18T00:24:29+00:00,2023-01-18T00:24:29.279Z,2650225,Edinburgh
Light cloud and a gentle breeze,7,5,41,28,18,93,2023-01-25,19,Low chance of precipitation,1025,7,45,09:00,1,Good,7,Light Cloud,A gentle breeze from the west south west,WSW,WSW,West South Westerly,14,9,2023-01-18T00:24:29+00:00,2023-01-18T00:24:29.279Z,2650225,Edinburgh
Light cloud and a gentle breeze,7,5,42,29,18,93,2023-01-25,20,Low chance of precipitation,1025,7,45,10:00,1,Good,7,Light Cloud,A gentle breeze from the west south west,WSW,WSW,West South Westerly,15,9,2023-01-18T00:24:29+00:00,2023-01-18T00:24:29.279Z,2650225,Edinburgh
Light cloud and a gentle breeze,7,6,42,30,19,92,2023-01-25,20,Low chance of precipitation,1026,8,46,11:00,1,Good,7,Light Cloud,A gentle breeze from the west south west,WSW,WSW,West South Westerly,15,10,2023-01-18T00:24:29+00:00,2023-01-18T00:24:29.279Z,2650225,Edinburgh
Light cloud and a gentle breeze,7,6,43,31,19,90,2023-01-25,20,Low chance of precipitation,1027,8,46,12:00,1,Good,7,Light Cloud,A gentle breeze from the west south west,WSW,WSW,West South Westerly,16,10,2023-01-18T00:24:29+00:00,2023-01-18T00:24:29.279Z,2650225,Edinburgh
Light cloud and a gentle breeze,7,6,43,30,19,88,2023-01-25,20,Low chance of precipitation,1028,8,47,13:00,1,Good,7,Light Cloud,A gentle breeze from the west south west,WSW,WSW,West South Westerly,16,10,2023-01-18T00:24:29+00:00,2023-01-18T00:24:29.279Z,2650225,Edinburgh
Light cloud and a gentle breeze,7,7,44,29,18,84,2023-01-25,19,Low chance of precipitation,1029,8,47,14:00,1,Good,7,Light Cloud,A gentle breeze from the west south west,WSW,WSW,West South Westerly,15,10,2023-01-18T00:24:29+00:00,2023-01-18T00:24:29.279Z,2650225,Edinburgh
Light cloud and a gentle breeze,7,7,44,28,18,81,2023-01-25,18,Low chance of precipitation,1030,9,47,15:00,1,Good,7,Light Cloud,A gentle breeze from the west south west,WSW,WSW,West South Westerly,15,9,2023-01-18T00:24:29+00:00,2023-01-18T00:24:29.279Z,2650225,Edinburgh
Light cloud and a gentle breeze,7,7,44,26,16,80,2023-01-25,18,Low chance of precipitation,1031,8,47,16:00,1,Good,7,Light Cloud,A gentle breeze from the west south west,WSW,WSW,West South Westerly,14,9,2023-01-18T00:24:29+00:00,2023-01-18T00:24:29.279Z,2650225,Edinburgh
Light cloud and a gentle breeze,36,6,43,25,15,79,2023-01-25,16,Low chance of precipitation,1032,8,47,17:00,1,Good,7,Light Cloud,A gentle breeze from the west south west,WSW,WSW,West South Westerly,13,8,2023-01-18T00:24:29+00:00,2023-01-18T00:24:29.279Z,2650225,Edinburgh
Light cloud and a gentle breeze,36,6,43,24,15,79,2023-01-25,16,Low chance of precipitation,1033,8,46,18:00,1,Good,7,Light Cloud,A gentle breeze from the west south west,WSW,WSW,West South Westerly,12,8,2023-01-18T00:24:29+00:00,2023-01-18T00:24:29.279Z,2650225,Edinburgh
Light cloud and light winds,36,6,42,23,14,80,2023-01-25,18,Low chance of precipitation,1034,7,45,19:00,1,Good,7,Light Cloud,Light winds from the west south west,WSW,WSW,West South Westerly,11,7,2023-01-18T00:24:29+00:00,2023-01-18T00:24:29.279Z,2650225,Edinburgh
Light cloud and light winds,36,5,41,22,14,82,2023-01-25,19,Low chance of precipitation,1034,7,45,20:00,1,Good,7,Light Cloud,Light winds from the west south west,WSW,WSW,West South Westerly,11,7,2023-01-18T00:24:29+00:00,2023-01-18T00:24:29.279Z,2650225,Edinburgh
Light cloud and light winds,36,5,40,21,13,84,2023-01-25,19,Low chance of precipitation,1035,7,44,21:00,1,Good,7,Light Cloud,Light winds from the west south west,WSW,WSW,West South Westerly,11,7,2023-01-18T00:24:29+00:00,2023-01-18T00:24:29.279Z,2650225,Edinburgh
Light cloud and light winds,36,4,40,20,12,86,2023-01-25,20,Low chance of precipitation,1036,6,43,22:00,1,Good,7,Light Cloud,Light winds from the west south west,WSW,WSW,West South Westerly,10,6,2023-01-18T00:24:29+00:00,2023-01-18T00:24:29.279Z,2650225,Edinburgh
Light cloud and light winds,36,4,39,19,12,87,2023-01-25,20,Low chance of precipitation,1036,6,42,23:00,1,Good,7,Light Cloud,Light winds from the west south west,WSW,WSW,West South Westerly,10,6,2023-01-18T00:24:29+00:00,2023-01-18T00:24:29.279Z,2650225,Edinburgh
Light cloud and light winds,36,3,38,19,12,89,2023-01-26,20,Low chance of precipitation,1037,5,42,00:00,1,Good,7,Light Cloud,Light winds from the west,W,W,Westerly,9,6,2023-01-18T00:24:29+00:00,2023-01-18T00:24:29.279Z,2650225,Edinburgh
Light cloud and light winds,36,3,38,19,12,90,2023-01-26,20,Low chance of precipitation,1037,5,41,01:00,1,Good,7,Light Cloud,Light winds from the west,W,W,Westerly,9,6,2023-01-18T00:24:29+00:00,2023-01-18T00:24:29.279Z,2650225,Edinburgh
Light cloud and light winds,36,3,38,20,12,90,2023-01-26,20,Low chance of precipitation,1037,5,41,02:00,1,Good,7,Light Cloud,Light winds from the west,W,W,Westerly,9,6,2023-01-18T00:24:29+00:00,2023-01-18T00:24:29.279Z,2650225,Edinburgh
Light cloud and light winds,36,3,38,19,12,90,2023-01-26,17,Low chance of precipitation,1038,5,41,03:00,1,Good,7,Light Cloud,Light winds from the west south west,WSW,WSW,West South Westerly,9,6,2023-01-18T00:24:29+00:00,2023-01-18T00:24:29.279Z,2650225,Edinburgh
Light cloud and light winds,36,3,38,20,12,89,2023-01-26,14,Low chance of precipitation,1038,5,41,04:00,1,Good,7,Light Cloud,Light winds from the west south west,WSW,WSW,West South Westerly,9,6,2023-01-18T00:24:29+00:00,2023-01-18T00:24:29.279Z,2650225,Edinburgh
Light cloud and light winds,36,3,37,20,12,90,2023-01-26,12,Low chance of precipitation,1038,5,41,05:00,1,Good,7,Light Cloud,Light winds from the west south west,WSW,WSW,West South Westerly,10,6,2023-01-18T00:24:29+00:00,2023-01-18T00:24:29.279Z,2650225,Edinburgh
Light cloud and light winds,36,3,37,19,12,90,2023-01-26,12,Low chance of precipitation,1039,5,41,06:00,1,Good,7,Light Cloud,Light winds from the west,W,W,Westerly,9,6,2023-01-18T00:24:29+00:00,2023-01-18T00:24:29.279Z,2650225,Edinburgh
Light cloud and light winds,36,3,37,19,12,91,2023-01-26,12,Low chance of precipitation,1039,5,41,07:00,1,Good,7,Light Cloud,Light winds from the west,W,W,Westerly,9,6,2023-01-18T00:24:29+00:00,2023-01-18T00:24:29.279Z,2650225,Edinburgh
Light cloud and light winds,36,3,38,20,12,91,2023-01-26,13,Low chance of precipitation,1039,5,41,08:00,1,Good,7,Light Cloud,Light winds from the west,W,W,Westerly,10,6,2023-01-18T00:24:29+00:00,2023-01-18T00:24:29.279Z,2650225,Edinburgh
Light cloud and light winds,7,4,39,21,13,91,2023-01-26,16,Low chance of precipitation,1040,6,42,09:00,1,Good,7,Light Cloud,Light winds from the west,W,W,Westerly,10,6,2023-01-18T00:24:29+00:00,2023-01-18T00:24:29.279Z,2650225,Edinburgh
Light cloud and light winds,7,4,40,23,14,90,2023-01-26,18,Low chance of precipitation,1040,6,43,10:00,1,Good,7,Light Cloud,Light winds from the west,W,W,Westerly,11,7,2023-01-18T00:24:29+00:00,2023-01-18T00:24:29.279Z,2650225,Edinburgh
Light cloud and light winds,7,5,41,25,16,88,2023-01-26,19,Low chance of precipitation,1040,7,44,11:00,1,Good,7,Light Cloud,Light winds from the west,W,W,Westerly,12,7,2023-01-18T00:24:29+00:00,2023-01-18T00:24:29.279Z,2650225,Edinburgh
Light cloud and a gentle breeze,7,5,42,26,16,86,2023-01-26,19,Low chance of precipitation,1041,7,45,12:00,1,Good,7,Light Cloud,A gentle breeze from the west,W,W,Westerly,13,8,2023-01-18T00:24:29+00:00,2023-01-18T00:24:29.279Z,2650225,Edinburgh
Light cloud and a gentle breeze,7,5,42,26,16,84,2023-01-26,20,Low chance of precipitation,1041,7,45,13:00,1,Good,7,Light Cloud,A gentle breeze from the west,W,W,Westerly,13,8,2023-01-18T00:24:29+00:00,2023-01-18T00:24:29.279Z,2650225,Edinburgh
Light cloud and a gentle breeze,7,6,42,26,16,82,2023-01-26,19,Low chance of precipitation,1041,8,46,14:00,1,Good,7,Light Cloud,A gentle breeze from the west,W,W,Westerly,13,8,2023-01-18T00:24:29+00:00,2023-01-18T00:24:29.279Z,2650225,Edinburgh
Light cloud and a gentle breeze,7,5,42,26,16,81,2023-01-26,17,Low chance of precipitation,1041,7,45,15:00,1,Good,7,Light Cloud,A gentle breeze from the west,W,W,Westerly,13,8,2023-01-18T00:24:29+00:00,2023-01-18T00:24:29.279Z,2650225,Edinburgh
Light cloud and a gentle breeze,7,5,41,25,16,81,2023-01-26,17,Low chance of precipitation,1041,7,44,16:00,1,Good,7,Light Cloud,A gentle breeze from the west,W,W,Westerly,13,8,2023-01-18T00:24:29+00:00,2023-01-18T00:24:29.279Z,2650225,Edinburgh
Light cloud and a gentle breeze,36,4,40,24,15,82,2023-01-26,15,Low chance of precipitation,1042,7,44,17:00,1,Good,7,Light Cloud,A gentle breeze from the west south west,WSW,WSW,West South Westerly,12,8,2023-01-18T00:24:29+00:00,2023-01-18T00:24:29.279Z,2650225,Edinburgh
Light cloud and light winds,36,4,39,24,15,82,2023-01-26,15,Low chance of precipitation,1042,6,43,18:00,1,Good,7,Light Cloud,Light winds from the west south west,WSW,WSW,West South Westerly,12,7,2023-01-18T00:24:29+00:00,2023-01-18T00:24:29.279Z,2650225,Edinburgh
Light cloud and light winds,36,3,38,23,15,83,2023-01-26,17,Low chance of precipitation,1042,6,42,19:00,1,Good,7,Light Cloud,Light winds from the west south west,WSW,WSW,West South Westerly,12,7,2023-01-18T00:24:29+00:00,2023-01-18T00:24:29.279Z,2650225,Edinburgh
Light cloud and light winds,36,3,38,23,14,85,2023-01-26,18,Low chance of precipitation,1042,5,42,20:00,1,Good,7,Light Cloud,Light winds from the west south west,WSW,WSW,West South Westerly,11,7,2023-01-18T00:24:29+00:00,2023-01-18T00:24:29.279Z,2650225,Edinburgh
Light cloud and light winds,36,3,38,22,14,86,2023-01-26,18,Low chance of precipitation,1042,5,42,21:00,1,Good,7,Light Cloud,Light winds from the west south west,WSW,WSW,West South Westerly,11,7,2023-01-18T00:24:29+00:00,2023-01-18T00:24:29.279Z,2650225,Edinburgh
Light cloud and light winds,36,3,37,22,14,87,2023-01-26,20,Low chance of precipitation,1042,5,41,22:00,1,Good,7,Light Cloud,Light winds from the west south west,WSW,WSW,West South Westerly,11,7,2023-01-18T00:24:29+00:00,2023-01-18T00:24:29.279Z,2650225,Edinburgh
Light cloud and light winds,36,3,37,22,14,88,2023-01-26,20,Low chance of precipitation,1042,5,41,23:00,1,Good,7,Light Cloud,Light winds from the west south west,WSW,WSW,West South Westerly,11,7,2023-01-18T00:24:29+00:00,2023-01-18T00:24:29.279Z,2650225,Edinburgh
Light cloud and light winds,36,3,37,22,14,90,2023-01-27,20,Low chance of precipitation,1042,5,41,00:00,1,Good,7,Light Cloud,Light winds from the west south west,WSW,WSW,West South Westerly,11,7,2023-01-18T00:24:29+00:00,2023-01-18T00:24:29.279Z,2650225,Edinburgh
Light cloud and light winds,36,3,36,22,14,90,2023-01-27,22,Low chance of precipitation,1042,5,41,01:00,1,Good,7,Light Cloud,Light winds from the west south west,WSW,WSW,West South Westerly,11,7,2023-01-18T00:24:29+00:00,2023-01-18T00:24:29.279Z,2650225,Edinburgh
Light cloud and light winds,36,2,36,23,14,90,2023-01-27,23,Low chance of precipitation,1042,5,41,02:00,1,Good,7,Light Cloud,Light winds from the west south west,WSW,WSW,West South Westerly,11,7,2023-01-18T00:24:29+00:00,2023-01-18T00:24:29.279Z,2650225,Edinburgh
Light cloud and light winds,36,3,37,23,15,90,2023-01-27,22,Low chance of precipitation,1042,5,41,03:00,1,Good,7,Light Cloud,Light winds from the west south west,WSW,WSW,West South Westerly,11,7,2023-01-18T00:24:29+00:00,2023-01-18T00:24:29.279Z,2650225,Edinburgh
Light cloud and light winds,36,3,36,24,15,89,2023-01-27,20,Low chance of precipitation,1041,5,41,04:00,1,Good,7,Light Cloud,Light winds from the west south west,WSW,WSW,West South Westerly,12,7,2023-01-18T00:24:29+00:00,2023-01-18T00:24:29.279Z,2650225,Edinburgh
Light cloud and light winds,36,2,36,24,15,89,2023-01-27,19,Low chance of precipitation,1041,5,41,05:00,1,Good,7,Light Cloud,Light winds from the west south west,WSW,WSW,West South Westerly,12,7,2023-01-18T00:24:29+00:00,2023-01-18T00:24:29.279Z,2650225,Edinburgh
Light cloud and a gentle breeze,36,2,36,24,15,90,2023-01-27,19,Low chance of precipitation,1041,5,41,06:00,1,Good,7,Light Cloud,A gentle breeze from the west south west,WSW,WSW,West South Westerly,12,8,2023-01-18T00:24:29+00:00,2023-01-18T00:24:29.279Z,2650225,Edinburgh
Light cloud and a gentle breeze,36,2,36,24,15,90,2023-01-27,18,Low chance of precipitation,1041,5,41,07:00,1,Good,7,Light Cloud,A gentle breeze from the west south west,WSW,WSW,West South Westerly,12,8,2023-01-18T00:24:29+00:00,2023-01-18T00:24:29.279Z,2650225,Edinburgh
Light cloud and a gentle breeze,36,2,36,25,16,91,2023-01-27,18,Low chance of precipitation,1041,5,41,08:00,1,Good,7,Light Cloud,A gentle breeze from the west south west,WSW,WSW,West South Westerly,12,8,2023-01-18T00:24:29+00:00,2023-01-18T00:24:29.279Z,2650225,Edinburgh
Light cloud and a gentle breeze,7,3,37,27,17,92,2023-01-27,19,Low chance of precipitation,1041,5,41,09:00,1,Good,7,Light Cloud,A gentle breeze from the west south west,WSW,WSW,West South Westerly,13,8,2023-01-18T00:24:29+00:00,2023-01-18T00:24:29.279Z,2650225,Edinburgh
Light cloud and a gentle breeze,7,3,38,28,18,91,2023-01-27,19,Low chance of precipitation,1041,6,42,10:00,1,Good,7,Light Cloud,A gentle breeze from the west south west,WSW,WSW,West South Westerly,13,8,2023-01-18T00:24:29+00:00,2023-01-18T00:24:29.279Z,2650225,Edinburgh
Light cloud and a gentle breeze,7,4,39,30,19,90,2023-01-27,20,Low chance of precipitation,1041,6,43,11:00,1,Good,7,Light Cloud,A gentle breeze from the west south west,WSW,WSW,West South Westerly,14,9,2023-01-18T00:24:29+00:00,2023-01-18T00:24:29.279Z,2650225,Edinburgh
Light cloud and a gentle breeze,7,4,39,31,19,88,2023-01-27,20,Low chance of precipitation,1041,7,44,12:00,1,Good,7,Light Cloud,A gentle breeze from the west south west,WSW,WSW,West South Westerly,15,9,2023-01-18T00:24:29+00:00,2023-01-18T00:24:29.279Z,2650225,Edinburgh
Light cloud and a gentle breeze,7,4,40,30,19,86,2023-01-27,22,Low chance of precipitation,1040,7,44,13:00,1,Good,7,Light Cloud,A gentle breeze from the west south west,WSW,WSW,West South Westerly,15,10,2023-01-18T00:24:29+00:00,2023-01-18T00:24:29.279Z,2650225,Edinburgh
Light cloud and a gentle breeze,7,4,40,30,19,84,2023-01-27,23,Low chance of precipitation,1040,7,44,14:00,1,Good,7,Light Cloud,A gentle breeze from the west,W,W,Westerly,15,10,2023-01-18T00:24:29+00:00,2023-01-18T00:24:29.279Z,2650225,Edinburgh
Light cloud and a gentle breeze,7,4,39,29,18,83,2023-01-27,22,Low chance of precipitation,1039,7,44,15:00,1,Good,7,Light Cloud,A gentle breeze from the west,W,W,Westerly,15,9,2023-01-18T00:24:29+00:00,2023-01-18T00:24:29.279Z,2650225,Edinburgh
Light cloud and a gentle breeze,7,4,39,27,17,83,2023-01-27,23,Low chance of precipitation,1039,6,43,16:00,1,Good,7,Light Cloud,A gentle breeze from the west south west,WSW,WSW,West South Westerly,15,9,2023-01-18T00:24:29+00:00,2023-01-18T00:24:29.279Z,2650225,Edinburgh
Light cloud and a gentle breeze,36,3,37,27,17,84,2023-01-27,22,Low chance of precipitation,1038,6,42,17:00,1,Good,7,Light Cloud,A gentle breeze from the west south west,WSW,WSW,West South Westerly,14,9,2023-01-18T00:24:29+00:00,2023-01-18T00:24:29.279Z,2650225,Edinburgh
Light cloud and a gentle breeze,36,3,37,26,16,84,2023-01-27,21,Low chance of precipitation,1038,5,41,18:00,1,Good,7,Light Cloud,A gentle breeze from the west south west,WSW,WSW,West South Westerly,14,8,2023-01-18T00:24:29+00:00,2023-01-18T00:24:29.279Z,2650225,Edinburgh
Light cloud and a gentle breeze,36,2,36,26,16,85,2023-01-27,22,Low chance of precipitation,1037,5,41,19:00,1,Good,7,Light Cloud,A gentle breeze from the west south west,WSW,WSW,West South Westerly,13,8,2023-01-18T00:24:29+00:00,2023-01-18T00:24:29.279Z,2650225,Edinburgh
Light cloud and a gentle breeze,36,2,36,25,16,85,2023-01-27,22,Low chance of precipitation,1037,5,41,20:00,1,Good,7,Light Cloud,A gentle breeze from the west south west,WSW,WSW,West South Westerly,13,8,2023-01-18T00:24:29+00:00,2023-01-18T00:24:29.279Z,2650225,Edinburgh
Light cloud and a gentle breeze,36,2,35,25,15,85,2023-01-27,22,Low chance of precipitation,1037,5,40,21:00,1,Good,7,Light Cloud,A gentle breeze from the west south west,WSW,WSW,West South Westerly,12,8,2023-01-18T00:24:29+00:00,2023-01-18T00:24:29.279Z,2650225,Edinburgh
Light cloud and a gentle breeze,36,2,35,24,15,86,2023-01-27,22,Low chance of precipitation,1036,5,40,22:00,1,Good,7,Light Cloud,A gentle breeze from the west south west,WSW,WSW,West South Westerly,12,8,2023-01-18T00:24:29+00:00,2023-01-18T00:24:29.279Z,2650225,Edinburgh
Light cloud and light winds,36,2,35,24,15,86,2023-01-27,22,Low chance of precipitation,1036,4,40,23:00,1,Good,7,Light Cloud,Light winds from the west south west,WSW,WSW,West South Westerly,12,7,2023-01-18T00:24:29+00:00,2023-01-18T00:24:29.279Z,2650225,Edinburgh
Light cloud and light winds,36,2,35,24,15,87,2023-01-28,21,Low chance of precipitation,1036,4,40,00:00,1,Good,7,Light Cloud,Light winds from the west south west,WSW,WSW,West South Westerly,12,7,2023-01-18T00:24:29+00:00,2023-01-18T00:24:29.279Z,2650225,Edinburgh
Light cloud and light winds,36,1,35,24,15,87,2023-01-28,22,Low chance of precipitation,1035,4,39,01:00,1,Good,7,Light Cloud,Light winds from the west south west,WSW,WSW,West South Westerly,12,7,2023-01-18T00:24:29+00:00,2023-01-18T00:24:29.279Z,2650225,Edinburgh
Light cloud and a gentle breeze,36,1,34,25,15,87,2023-01-28,23,Low chance of precipitation,1035,4,39,02:00,1,Good,7,Light Cloud,A gentle breeze from the west south west,WSW,WSW,West South Westerly,12,8,2023-01-18T00:24:29+00:00,2023-01-18T00:24:29.279Z,2650225,Edinburgh
Light cloud and a gentle breeze,36,1,34,25,15,88,2023-01-28,22,Low chance of precipitation,1034,4,39,03:00,1,Good,7,Light Cloud,A gentle breeze from the west south west,WSW,WSW,West South Westerly,12,8,2023-01-18T00:24:29+00:00,2023-01-18T00:24:29.279Z,2650225,Edinburgh
Light cloud and a gentle breeze,36,1,34,25,16,88,2023-01-28,20,Low chance of precipitation,1034,4,39,04:00,1,Good,7,Light Cloud,A gentle breeze from the west south west,WSW,WSW,West South Westerly,12,8,2023-01-18T00:24:29+00:00,2023-01-18T00:24:29.279Z,2650225,Edinburgh
Light cloud and a gentle breeze,36,1,33,26,16,89,2023-01-28,19,Low chance of precipitation,1034,4,39,05:00,1,Good,7,Light Cloud,A gentle breeze from the west south west,WSW,WSW,West South Westerly,13,8,2023-01-18T00:24:29+00:00,2023-01-18T00:24:29.279Z,2650225,Edinburgh
Light cloud and a gentle breeze,36,1,33,25,16,89,2023-01-28,19,Low chance of precipitation,1034,4,39,06:00,1,Good,7,Light Cloud,A gentle breeze from the west south west,WSW,WSW,West South Westerly,13,8,2023-01-18T00:24:29+00:00,2023-01-18T00:24:29.279Z,2650225,Edinburgh
Light cloud and a gentle breeze,36,1,33,26,16,89,2023-01-28,18,Low chance of precipitation,1033,4,39,07:00,1,Good,7,Light Cloud,A gentle breeze from the west south west,WSW,WSW,West South Westerly,13,8,2023-01-18T00:24:29+00:00,2023-01-18T00:24:29.279Z,2650225,Edinburgh
Light cloud and a gentle breeze,36,1,34,27,17,89,2023-01-28,18,Low chance of precipitation,1033,4,39,08:00,1,Good,7,Light Cloud,A gentle breeze from the west south west,WSW,WSW,West South Westerly,13,8,2023-01-18T00:24:29+00:00,2023-01-18T00:24:29.279Z,2650225,Edinburgh
Light cloud and a gentle breeze,7,1,34,28,18,88,2023-01-28,19,Low chance of precipitation,1033,4,40,09:00,1,Good,7,Light Cloud,A gentle breeze from the west south west,WSW,WSW,West South Westerly,14,9,2023-01-18T00:24:29+00:00,2023-01-18T00:24:29.279Z,2650225,Edinburgh
Light cloud and a gentle breeze,7,2,35,30,19,86,2023-01-28,19,Low chance of precipitation,1033,5,41,10:00,1,Good,7,Light Cloud,A gentle breeze from the west south west,WSW,WSW,West South Westerly,15,9,2023-01-18T00:24:29+00:00,2023-01-18T00:24:29.279Z,2650225,Edinburgh
Light cloud and a gentle breeze,7,3,37,32,20,84,2023-01-28,20,Low chance of precipitation,1033,5,42,11:00,1,Good,7,Light Cloud,A gentle breeze from the west south west,WSW,WSW,West South Westerly,16,10,2023-01-18T00:24:29+00:00,2023-01-18T00:24:29.279Z,2650225,Edinburgh
Light cloud and a gentle breeze,7,3,38,33,20,82,2023-01-28,20,Low chance of precipitation,1033,6,43,12:00,1,Good,7,Light Cloud,A gentle breeze from the west,W,W,Westerly,17,10,2023-01-18T00:24:29+00:00,2023-01-18T00:24:29.279Z,2650225,Edinburgh
Light cloud and a gentle breeze,7,3,38,33,20,80,2023-01-28,22,Low chance of precipitation,1033,6,43,13:00,1,Good,7,Light Cloud,A gentle breeze from the west,W,W,Westerly,17,11,2023-01-18T00:24:29+00:00,2023-01-18T00:24:29.279Z,2650225,Edinburgh
Light cloud and a gentle breeze,7,3,38,32,20,79,2023-01-28,23,Low chance of precipitation,1033,6,43,14:00,1,Good,7,Light Cloud,A gentle breeze from the west,W,W,Westerly,17,11,2023-01-18T00:24:29+00:00,2023-01-18T00:24:29.279Z,2650225,Edinburgh
Light cloud and a gentle breeze,7,3,38,31,19,79,2023-01-28,22,Low chance of precipitation,1033,6,43,15:00,1,Good,7,Light Cloud,A gentle breeze from the west,W,W,Westerly,17,10,2023-01-18T00:24:29+00:00,2023-01-18T00:24:29.279Z,2650225,Edinburgh
Light cloud and a gentle breeze,7,3,37,29,18,80,2023-01-28,23,Low chance of precipitation,1032,6,42,16:00,1,Good,7,Light Cloud,A gentle breeze from the west,W,W,Westerly,16,10,2023-01-18T00:24:29+00:00,2023-01-18T00:24:29.279Z,2650225,Edinburgh
Light cloud and a gentle breeze,36,2,36,28,18,82,2023-01-28,22,Low chance of precipitation,1032,5,41,17:00,1,Good,7,Light Cloud,A gentle breeze from the west,W,W,Westerly,15,9,2023-01-18T00:24:29+00:00,2023-01-18T00:24:29.279Z,2650225,Edinburgh
Light cloud and a gentle breeze,36,2,35,28,17,83,2023-01-28,21,Low chance of precipitation,1032,5,41,18:00,1,Good,7,Light Cloud,A gentle breeze from the west south west,WSW,WSW,West South Westerly,15,9,2023-01-18T00:24:29+00:00,2023-01-18T00:24:29.279Z,2650225,Edinburgh
Light cloud and a gentle breeze,36,1,35,27,17,84,2023-01-28,22,Low chance of precipitation,1033,4,40,19:00,1,Good,7,Light Cloud,A gentle breeze from the west south west,WSW,WSW,West South Westerly,14,9,2023-01-18T00:24:29+00:00,2023-01-18T00:24:29.279Z,2650225,Edinburgh
Light cloud and a gentle breeze,36,1,34,27,17,85,2023-01-28,22,Low chance of precipitation,1033,4,39,20:00,1,Good,7,Light Cloud,A gentle breeze from the west south west,WSW,WSW,West South Westerly,14,8,2023-01-18T00:24:29+00:00,2023-01-18T00:24:29.279Z,2650225,Edinburgh
Light cloud and a gentle breeze,36,1,34,26,16,85,2023-01-28,22,Low chance of precipitation,1033,4,39,21:00,1,Good,7,Light Cloud,A gentle breeze from the west south west,WSW,WSW,West South Westerly,13,8,2023-01-18T00:24:29+00:00,2023-01-18T00:24:29.279Z,2650225,Edinburgh
Light cloud and a gentle breeze,36,1,34,26,16,85,2023-01-28,22,Low chance of precipitation,1033,4,39,22:00,1,Good,7,Light Cloud,A gentle breeze from the west south west,WSW,WSW,West South Westerly,13,8,2023-01-18T00:24:29+00:00,2023-01-18T00:24:29.279Z,2650225,Edinburgh
Light cloud and a gentle breeze,36,1,33,25,16,86,2023-01-28,22,Low chance of precipitation,1033,4,39,23:00,1,Good,7,Light Cloud,A gentle breeze from the west south west,WSW,WSW,West South Westerly,12,8,2023-01-18T00:24:29+00:00,2023-01-18T00:24:29.279Z,2650225,Edinburgh
Light cloud and light winds,36,1,33,25,16,87,2023-01-29,21,Low chance of precipitation,1033,3,38,00:00,1,Good,7,Light Cloud,Light winds from the west south west,WSW,WSW,West South Westerly,12,7,2023-01-18T00:24:29+00:00,2023-01-18T00:24:29.279Z,2650225,Edinburgh
Light cloud and a gentle breeze,36,1,33,25,16,87,2023-01-29,22,Low chance of precipitation,1033,3,38,01:00,1,Good,7,Light Cloud,A gentle breeze from the west south west,WSW,WSW,West South Westerly,12,8,2023-01-18T00:24:29+00:00,2023-01-18T00:24:29.279Z,2650225,Edinburgh
Light cloud and a gentle breeze,36,0,33,26,16,87,2023-01-29,23,Low chance of precipitation,1033,3,38,02:00,1,Good,7,Light Cloud,A gentle breeze from the west south west,WSW,WSW,West South Westerly,12,8,2023-01-18T00:24:29+00:00,2023-01-18T00:24:29.279Z,2650225,Edinburgh
Light cloud and a gentle breeze,36,0,32,25,16,88,2023-01-29,22,Low chance of precipitation,1033,3,38,03:00,1,Good,7,Light Cloud,A gentle breeze from the west south west,WSW,WSW,West South Westerly,12,8,2023-01-18T00:24:29+00:00,2023-01-18T00:24:29.279Z,2650225,Edinburgh
Light cloud and a gentle breeze,36,0,32,26,16,88,2023-01-29,20,Low chance of precipitation,1033,3,38,04:00,1,Good,7,Light Cloud,A gentle breeze from the west south west,WSW,WSW,West South Westerly,13,8,2023-01-18T00:24:29+00:00,2023-01-18T00:24:29.279Z,2650225,Edinburgh
Light cloud and a gentle breeze,36,0,32,26,16,88,2023-01-29,19,Low chance of precipitation,1033,3,37,05:00,1,Good,7,Light Cloud,A gentle breeze from the west south west,WSW,WSW,West South Westerly,13,8,2023-01-18T00:24:29+00:00,2023-01-18T00:24:29.279Z,2650225,Edinburgh
Light cloud and a gentle breeze,36,0,32,25,16,89,2023-01-29,19,Low chance of precipitation,1033,3,37,06:00,1,Good,7,Light Cloud,A gentle breeze from the west south west,WSW,WSW,West South Westerly,13,8,2023-01-18T00:24:29+00:00,2023-01-18T00:24:29.279Z,2650225,Edinburgh
Light cloud and a gentle breeze,36,0,32,25,16,88,2023-01-29,18,Low chance of precipitation,1033,3,38,07:00,1,Good,7,Light Cloud,A gentle breeze from the west south west,WSW,WSW,West South Westerly,13,8,2023-01-18T00:24:29+00:00,2023-01-18T00:24:29.279Z,2650225,Edinburgh
Light cloud and a gentle breeze,36,0,33,26,16,87,2023-01-29,18,Low chance of precipitation,1033,3,38,08:00,1,Good,7,Light Cloud,A gentle breeze from the west south west,WSW,WSW,West South Westerly,13,8,2023-01-18T00:24:29+00:00,2023-01-18T00:24:29.279Z,2650225,Edinburgh
Light cloud and a gentle breeze,7,1,33,28,17,86,2023-01-29,19,Low chance of precipitation,1033,4,39,09:00,1,Good,7,Light Cloud,A gentle breeze from the west south west,WSW,WSW,West South Westerly,14,8,2023-01-18T00:24:29+00:00,2023-01-18T00:24:29.279Z,2650225,Edinburgh
Light cloud and a gentle breeze,7,2,35,29,18,84,2023-01-29,19,Low chance of precipitation,1033,5,40,10:00,1,Good,7,Light Cloud,A gentle breeze from the west south west,WSW,WSW,West South Westerly,14,9,2023-01-18T00:24:29+00:00,2023-01-18T00:24:29.279Z,2650225,Edinburgh
Light cloud and a gentle breeze,7,2,36,31,19,81,2023-01-29,20,Low chance of precipitation,1033,5,41,11:00,1,Good,7,Light Cloud,A gentle breeze from the west south west,WSW,WSW,West South Westerly,15,9,2023-01-18T00:24:29+00:00,2023-01-18T00:24:29.279Z,2650225,Edinburgh
Light cloud and a gentle breeze,7,3,37,32,20,79,2023-01-29,20,Low chance of precipitation,1034,6,42,12:00,1,Good,7,Light Cloud,A gentle breeze from the west,W,W,Westerly,16,10,2023-01-18T00:24:29+00:00,2023-01-18T00:24:29.279Z,2650225,Edinburgh
Light cloud and a gentle breeze,7,3,38,32,20,78,2023-01-29,22,Low chance of precipitation,1034,6,43,13:00,1,Good,7,Light Cloud,A gentle breeze from the west,W,W,Westerly,16,10,2023-01-18T00:24:29+00:00,2023-01-18T00:24:29.279Z,2650225,Edinburgh
Light cloud and a gentle breeze,7,3,38,31,19,77,2023-01-29,23,Low chance of precipitation,1034,6,43,14:00,1,Good,7,Light Cloud,A gentle breeze from the west,W,W,Westerly,16,10,2023-01-18T00:24:29+00:00,2023-01-18T00:24:29.279Z,2650225,Edinburgh
Light cloud and a gentle breeze,7,3,37,30,19,77,2023-01-29,23,Low chance of precipitation,1034,6,42,15:00,1,Good,7,Light Cloud,A gentle breeze from the west south west,WSW,WSW,West South Westerly,16,10,2023-01-18T00:24:29+00:00,2023-01-18T00:24:29.279Z,2650225,Edinburgh
Light cloud and a gentle breeze,7,3,36,29,18,79,2023-01-29,23,Low chance of precipitation,1034,5,42,16:00,1,Good,7,Light Cloud,A gentle breeze from the west south west,WSW,WSW,West South Westerly,16,10,2023-01-18T00:24:29+00:00,2023-01-18T00:24:29.279Z,2650225,Edinburgh
Light cloud and a gentle breeze,36,2,35,28,18,81,2023-01-29,22,Low chance of precipitation,1034,5,41,17:00,1,Good,7,Light Cloud,A gentle breeze from the west south west,WSW,WSW,West South Westerly,15,9,2023-01-18T00:24:29+00:00,2023-01-18T00:24:29.279Z,2650225,Edinburgh
Light cloud and a gentle breeze,36,1,35,28,17,83,2023-01-29,21,Low chance of precipitation,1034,5,40,18:00,1,Good,7,Light Cloud,A gentle breeze from the west south west,WSW,WSW,West South Westerly,15,9,2023-01-18T00:24:29+00:00,2023-01-18T00:24:29.279Z,2650225,Edinburgh
Light cloud and a gentle breeze,36,1,34,27,17,84,2023-01-29,22,Low chance of precipitation,1034,4,40,19:00,1,Good,7,Light Cloud,A gentle breeze from the west south west,WSW,WSW,West South Westerly,14,9,2023-01-18T00:24:29+00:00,2023-01-18T00:24:29.279Z,2650225,Edinburgh
Light cloud and a gentle breeze,36,1,34,27,17,84,2023-01-29,22,Low chance of precipitation,1034,4,39,20:00,1,Good,7,Light Cloud,A gentle breeze from the west south west,WSW,WSW,West South Westerly,14,9,2023-01-18T00:24:29+00:00,2023-01-18T00:24:29.279Z,2650225,Edinburgh
Light cloud and a gentle breeze,36,1,33,26,16,85,2023-01-29,22,Low chance of precipitation,1034,4,39,21:00,1,Good,7,Light Cloud,A gentle breeze from the west south west,WSW,WSW,West South Westerly,14,8,2023-01-18T00:24:29+00:00,2023-01-18T00:24:29.279Z,2650225,Edinburgh
Light cloud and a gentle breeze,36,1,33,26,16,85,2023-01-29,22,Low chance of precipitation,1034,4,39,22:00,1,Good,7,Light Cloud,A gentle breeze from the west south west,WSW,WSW,West South Westerly,13,8,2023-01-18T00:24:29+00:00,2023-01-18T00:24:29.279Z,2650225,Edinburgh
Light cloud and a gentle breeze,36,1,33,26,16,85,2023-01-29,22,Low chance of precipitation,1034,4,39,23:00,1,Good,7,Light Cloud,A gentle breeze from the west south west,WSW,WSW,West South Westerly,13,8,2023-01-18T00:24:29+00:00,2023-01-18T00:24:29.279Z,2650225,Edinburgh
Light cloud and a gentle breeze,36,0,33,26,16,86,2023-01-30,21,Low chance of precipitation,1034,3,38,00:00,1,Good,7,Light Cloud,A gentle breeze from the west south west,WSW,WSW,West South Westerly,13,8,2023-01-18T00:24:29+00:00,2023-01-18T00:24:29.279Z,2650225,Edinburgh
Light cloud and a gentle breeze,36,0,32,26,16,86,2023-01-30,22,Low chance of precipitation,1034,3,38,01:00,1,Good,7,Light Cloud,A gentle breeze from the west south west,WSW,WSW,West South Westerly,13,8,2023-01-18T00:24:29+00:00,2023-01-18T00:24:29.279Z,2650225,Edinburgh
Light cloud and a gentle breeze,36,0,32,26,16,86,2023-01-30,23,Low chance of precipitation,1034,3,38,02:00,1,Good,7,Light Cloud,A gentle breeze from the west south west,WSW,WSW,West South Westerly,13,8,2023-01-18T00:24:29+00:00,2023-01-18T00:24:29.279Z,2650225,Edinburgh
Light cloud and a gentle breeze,36,0,32,26,16,87,2023-01-30,22,Low chance of precipitation,1034,3,38,03:00,1,Good,7,Light Cloud,A gentle breeze from the west south west,WSW,WSW,West South Westerly,13,8,2023-01-18T00:24:29+00:00,2023-01-18T00:24:29.279Z,2650225,Edinburgh
Light cloud and a gentle breeze,36,0,32,26,16,87,2023-01-30,20,Low chance of precipitation,1034,3,38,04:00,1,Good,7,Light Cloud,A gentle breeze from the west south west,WSW,WSW,West South Westerly,13,8,2023-01-18T00:24:29+00:00,2023-01-18T00:24:29.279Z,2650225,Edinburgh
Light cloud and a gentle breeze,36,0,31,26,16,87,2023-01-30,19,Low chance of precipitation,1034,3,37,05:00,1,Good,7,Light Cloud,A gentle breeze from the west south west,WSW,WSW,West South Westerly,13,8,2023-01-18T00:24:29+00:00,2023-01-18T00:24:29.279Z,2650225,Edinburgh
Light cloud and a gentle breeze,36,0,31,26,16,88,2023-01-30,19,Low chance of precipitation,1034,3,37,06:00,1,Good,7,Light Cloud,A gentle breeze from the west south west,WSW,WSW,West South Westerly,13,8,2023-01-18T00:24:29+00:00,2023-01-18T00:24:29.279Z,2650225,Edinburgh
Light cloud and a gentle breeze,36,0,31,26,16,88,2023-01-30,18,Low chance of precipitation,1034,3,37,07:00,1,Good,7,Light Cloud,A gentle breeze from the west south west,WSW,WSW,West South Westerly,13,8,2023-01-18T00:24:29+00:00,2023-01-18T00:24:29.279Z,2650225,Edinburgh
Light cloud and a gentle breeze,36,0,32,27,17,87,2023-01-30,18,Low chance of precipitation,1034,3,38,08:00,1,Good,7,Light Cloud,A gentle breeze from the west south west,WSW,WSW,West South Westerly,13,8,2023-01-18T00:24:29+00:00,2023-01-18T00:24:29.279Z,2650225,Edinburgh
Light cloud and a gentle breeze,7,0,33,28,17,86,2023-01-30,19,Low chance of precipitation,1034,4,39,09:00,1,Good,7,Light Cloud,A gentle breeze from the west south west,WSW,WSW,West South Westerly,14,9,2023-01-18T00:24:29+00:00,2023-01-18T00:24:29.279Z,2650225,Edinburgh
Sunny intervals and a gentle breeze,3,1,34,29,18,85,2023-01-30,19,Low chance of precipitation,1034,4,40,10:00,1,Good,3,Sunny Intervals,A gentle breeze from the west south west,WSW,WSW,West South Westerly,14,9,2023-01-18T00:24:29+00:00,2023-01-18T00:24:29.279Z,2650225,Edinburgh
Sunny intervals and a gentle breeze,3,2,35,31,19,82,2023-01-30,20,Low chance of precipitation,1034,5,41,11:00,1,Good,3,Sunny Intervals,A gentle breeze from the west south west,WSW,WSW,West South Westerly,15,9,2023-01-18T00:24:29+00:00,2023-01-18T00:24:29.279Z,2650225,Edinburgh
Sunny intervals and a gentle breeze,3,2,36,32,20,80,2023-01-30,20,Low chance of precipitation,1035,5,41,12:00,1,Good,3,Sunny Intervals,A gentle breeze from the west south west,WSW,WSW,West South Westerly,16,10,2023-01-18T00:24:29+00:00,2023-01-18T00:24:29.279Z,2650225,Edinburgh
Sunny intervals and a gentle breeze,3,3,37,32,20,79,2023-01-30,22,Low chance of precipitation,1035,5,42,13:00,1,Good,3,Sunny Intervals,A gentle breeze from the west south west,WSW,WSW,West South Westerly,16,10,2023-01-18T00:24:29+00:00,2023-01-18T00:24:29.279Z,2650225,Edinburgh
Light cloud and a gentle breeze,7,3,37,32,20,77,2023-01-30,23,Low chance of precipitation,1035,6,42,14:00,1,Good,7,Light Cloud,A gentle breeze from the west south west,WSW,WSW,West South Westerly,17,10,2023-01-18T00:24:29+00:00,2023-01-18T00:24:29.279Z,2650225,Edinburgh
Light cloud and a gentle breeze,7,2,36,31,19,77,2023-01-30,22,Low chance of precipitation,1035,5,42,15:00,1,Good,7,Light Cloud,A gentle breeze from the west south west,WSW,WSW,West South Westerly,17,10,2023-01-18T00:24:29+00:00,2023-01-18T00:24:29.279Z,2650225,Edinburgh
Light cloud and a gentle breeze,7,2,35,30,19,78,2023-01-30,23,Low chance of precipitation,1035,5,41,16:00,1,Good,7,Light Cloud,A gentle breeze from the west south west,WSW,WSW,West South Westerly,16,10,2023-01-18T00:24:29+00:00,2023-01-18T00:24:29.279Z,2650225,Edinburgh
Light cloud and a gentle breeze,36,1,34,29,18,80,2023-01-30,22,Low chance of precipitation,1035,5,40,17:00,1,Good,7,Light Cloud,A gentle breeze from the west south west,WSW,WSW,West South Westerly,16,10,2023-01-18T00:24:29+00:00,2023-01-18T00:24:29.279Z,2650225,Edinburgh
Light cloud and a gentle breeze,36,1,33,29,18,82,2023-01-30,21,Low chance of precipitation,1035,4,39,18:00,1,Good,7,Light Cloud,A gentle breeze from the west south west,WSW,WSW,West South Westerly,15,9,2023-01-18T00:24:29+00:00,2023-01-18T00:24:29.279Z,2650225,Edinburgh
Light cloud and a gentle breeze,36,0,33,29,18,83,2023-01-30,22,Low chance of precipitation,1035,4,39,19:00,1,Good,7,Light Cloud,A gentle breeze from the west south west,WSW,WSW,West South Westerly,15,9,2023-01-18T00:24:29+00:00,2023-01-18T00:24:29.279Z,2650225,Edinburgh
Light cloud and a gentle breeze,36,0,32,28,17,84,2023-01-30,22,Low chance of precipitation,1035,3,38,20:00,1,Good,7,Light Cloud,A gentle breeze from the west south west,WSW,WSW,West South Westerly,14,9,2023-01-18T00:24:29+00:00,2023-01-18T00:24:29.279Z,2650225,Edinburgh
Light cloud and a gentle breeze,36,0,32,27,17,85,2023-01-30,21,Low chance of precipitation,1035,3,38,21:00,1,Good,7,Light Cloud,A gentle breeze from the west south west,WSW,WSW,West South Westerly,14,9,2023-01-18T00:24:29+00:00,2023-01-18T00:24:29.279Z,2650225,Edinburgh
Light cloud and a gentle breeze,36,0,32,27,17,85,2023-01-30,22,Low chance of precipitation,1036,3,38,22:00,1,Good,7,Light Cloud,A gentle breeze from the west south west,WSW,WSW,West South Westerly,14,8,2023-01-18T00:24:29+00:00,2023-01-18T00:24:29.279Z,2650225,Edinburgh
Light cloud and a gentle breeze,36,0,31,26,16,86,2023-01-30,21,Low chance of precipitation,1036,3,37,23:00,1,Good,7,Light Cloud,A gentle breeze from the west south west,WSW,WSW,West South Westerly,13,8,2023-01-18T00:24:29+00:00,2023-01-18T00:24:29.279Z,2650225,Edinburgh
Light cloud and a gentle breeze,36,0,31,26,16,87,2023-01-31,21,Low chance of precipitation,1036,3,37,00:00,1,Good,7,Light Cloud,A gentle breeze from the west south west,WSW,WSW,West South Westerly,13,8,2023-01-18T00:24:29+00:00,2023-01-18T00:24:29.279Z,2650225,Edinburgh
Light cloud and a gentle breeze,36,-1,31,26,16,87,2023-01-31,22,Low chance of precipitation,1036,3,37,01:00,1,Good,7,Light Cloud,A gentle breeze from the west south west,WSW,WSW,West South Westerly,13,8,2023-01-18T00:24:29+00:00,2023-01-18T00:24:29.279Z,2650225,Edinburgh
Light cloud and a gentle breeze,36,-1,31,26,16,87,2023-01-31,23,Low chance of precipitation,1036,3,37,02:00,1,Good,7,Light Cloud,A gentle breeze from the west south west,WSW,WSW,West South Westerly,13,8,2023-01-18T00:24:29+00:00,2023-01-18T00:24:29.279Z,2650225,Edinburgh
Light cloud and a gentle breeze,36,-1,31,25,16,88,2023-01-31,21,Low chance of precipitation,1036,3,37,03:00,1,Good,7,Light Cloud,A gentle breeze from the west south west,WSW,WSW,West South Westerly,13,8,2023-01-18T00:24:29+00:00,2023-01-18T00:24:29.279Z,2650225,Edinburgh
Light cloud and a gentle breeze,36,-1,31,25,16,88,2023-01-31,19,Low chance of precipitation,1037,3,37,04:00,1,Good,7,Light Cloud,A gentle breeze from the west south west,WSW,WSW,West South Westerly,13,8,2023-01-18T00:24:29+00:00,2023-01-18T00:24:29.279Z,2650225,Edinburgh
Light cloud and a gentle breeze,36,-1,30,25,15,88,2023-01-31,19,Low chance of precipitation,1037,2,36,05:00,1,Good,7,Light Cloud,A gentle breeze from the west south west,WSW,WSW,West South Westerly,13,8,2023-01-18T00:24:29+00:00,2023-01-18T00:24:29.279Z,2650225,Edinburgh
