enhancedWeatherDescription,extendedWeatherType,feelsLikeTemperatureC,feelsLikeTemperatureF,gustSpeedKph,gustSpeedMph,humidity,localDate,precipitationProbabilityInPercent,precipitationProbabilityText,pressure,temperatureC,temperatureF,timeslot,timeslotLength,visibility,weatherType,weatherTypeText,windDescription,windDirection,windDirectionAbbreviation,windDirectionFull,windSpeedKph,windSpeedMph,issueDate,lastUpdated,location_id,location_name
Light rain showers and a moderate breeze,10,10,49,51,32,87,2023-12-22,64,Chance of precipitation,1016,11,52,10:00,1,Good,10,Light Rain Showers,A moderate breeze from the west north west,WNW,WNW,West North Westerly,23,14,2023-12-21T22:40:00+01:00,2023-12-22T09:00:43.589+01:00,2988507,Paris
Light rain showers and a moderate breeze,10,10,50,53,33,85,2023-12-22,60,Chance of precipitation,1016,11,52,11:00,1,Good,10,Light Rain Showers,A moderate breeze from the west north west,WNW,WNW,West North Westerly,24,15,2023-12-21T22:40:00+01:00,2023-12-22T09:00:43.589+01:00,2988507,Paris
Light rain showers and a moderate breeze,10,10,50,55,34,82,2023-12-22,41,Chance of precipitation,1016,11,53,12:00,1,Good,10,Light Rain Showers,A moderate breeze from the west north west,WNW,WNW,West North Westerly,24,15,2023-12-21T22:40:00+01:00,2023-12-22T09:00:43.589+01:00,2988507,Paris
Light rain showers and a moderate breeze,10,10,51,54,34,79,2023-12-22,37,Chance of precipitation,1016,12,53,13:00,1,Good,10,Light Rain Showers,A moderate breeze from the west north west,WNW,WNW,West North Westerly,26,16,2023-12-21T22:40:00+01:00,2023-12-22T09:00:43.589+01:00,2988507,Paris
Light cloud and a moderate breeze,7,10,50,54,34,77,2023-12-22,19,Low chance of precipitation,1016,11,53,14:00,1,Good,7,Light Cloud,A moderate breeze from the west north west,WNW,WNW,West North Westerly,26,16,2023-12-21T22:40:00+01:00,2023-12-22T09:00:43.589+01:00,2988507,Paris
Light cloud and a moderate breeze,7,9,49,53,33,77,2023-12-22,16,Low chance of precipitation,1016,11,52,15:00,1,Good,7,Light Cloud,A moderate breeze from the west north west,WNW,WNW,West North Westerly,25,15,2023-12-21T22:40:00+01:00,2023-12-22T09:00:43.589+01:00,2988507,Paris
Light cloud and a moderate breeze,7,9,48,50,31,76,2023-12-22,16,Low chance of precipitation,1017,11,51,16:00,1,Good,7,Light Cloud,A moderate breeze from the west north west,WNW,WNW,West North Westerly,24,15,2023-12-21T22:40:00+01:00,2023-12-22T09:00:43.589+01:00,2988507,Paris
Light cloud and a moderate breeze,36,8,47,48,30,76,2023-12-22,0,Precipitation is not expected,1018,10,51,17:00,1,Good,7,Light Cloud,A moderate breeze from the west north west,WNW,WNW,West North Westerly,22,14,2023-12-21T22:40:00+01:00,2023-12-22T09:00:43.589+01:00,2988507,Paris
Light cloud and a moderate breeze,36,8,46,46,29,76,2023-12-22,17,Low chance of precipitation,1018,10,50,18:00,1,Good,7,Light Cloud,A moderate breeze from the west north west,WNW,WNW,West North Westerly,22,14,2023-12-21T22:40:00+01:00,2023-12-22T09:00:43.589+01:00,2988507,Paris
Light cloud and a moderate breeze,36,7,45,46,28,77,2023-12-22,0,Precipitation is not expected,1019,9,49,19:00,1,Good,7,Light Cloud,A moderate breeze from the west,W,W,Westerly,21,13,2023-12-21T22:40:00+01:00,2023-12-22T09:00:43.589+01:00,2988507,Paris
Light cloud and a moderate breeze,36,7,45,44,28,78,2023-12-22,0,Precipitation is not expected,1019,9,49,20:00,1,Good,7,Light Cloud,A moderate breeze from the west,W,W,Westerly,20,13,2023-12-21T22:40:00+01:00,2023-12-22T09:00:43.589+01:00,2988507,Paris
Light cloud and a gentle breeze,36,7,45,42,26,79,2023-12-22,0,Precipitation is not expected,1020,9,48,21:00,1,Good,7,Light Cloud,A gentle breeze from the west,W,W,Westerly,20,12,2023-12-21T22:40:00+01:00,2023-12-22T09:00:43.589+01:00,2988507,Paris
Partly cloudy and a gentle breeze,2,7,44,40,25,79,2023-12-22,0,Precipitation is not expected,1020,9,48,22:00,1,Good,2,Partly Cloudy,A gentle breeze from the west,W,W,Westerly,18,11,2023-12-21T22:40:00+01:00,2023-12-22T09:00:43.589+01:00,2988507,Paris
Partly cloudy and a gentle breeze,2,7,44,37,23,81,2023-12-22,0,Precipitation is not expected,1020,9,48,23:00,1,Good,2,Partly Cloudy,A gentle breeze from the west,W,W,Westerly,18,11,2023-12-21T22:40:00+01:00,2023-12-22T09:00:43.589+01:00,2988507,Paris
Partly cloudy and a gentle breeze,2,7,44,37,23,82,2023-12-23,0,Precipitation is not expected,1021,9,47,00:00,1,Good,2,Partly Cloudy,A gentle breeze from the west,W,W,Westerly,17,11,2023-12-21T22:40:00+01:00,2023-12-22T09:00:43.589+01:00,2988507,Paris
Partly cloudy and a gentle breeze,2,7,44,37,23,83,2023-12-23,0,Precipitation is not expected,1021,9,47,01:00,1,Good,2,Partly Cloudy,A gentle breeze from the west,W,W,Westerly,16,10,2023-12-21T22:40:00+01:00,2023-12-22T09:00:43.589+01:00,2988507,Paris
Partly cloudy and a gentle breeze,2,6,44,37,23,83,2023-12-23,0,Precipitation is not expected,1021,8,47,02:00,1,Good,2,Partly Cloudy,A gentle breeze from the west,W,W,Westerly,16,10,2023-12-21T22:40:00+01:00,2023-12-22T09:00:43.589+01:00,2988507,Paris
Partly cloudy and a gentle breeze,2,6,43,37,23,83,2023-12-23,0,Precipitation is not expected,1021,8,47,03:00,1,Good,2,Partly Cloudy,A gentle breeze from the west,W,W,Westerly,17,10,2023-12-21T22:40:00+01:00,2023-12-22T09:00:43.589+01:00,2988507,Paris
Partly cloudy and a gentle breeze,2,6,43,37,23,83,2023-12-23,0,Precipitation is not expected,1020,8,47,04:00,1,Good,2,Partly Cloudy,A gentle breeze from the west,W,W,Westerly,17,10,2023-12-21T22:40:00+01:00,2023-12-22T09:00:43.589+01:00,2988507,Paris
Partly cloudy and a gentle breeze,2,6,43,37,23,84,2023-12-23,0,Precipitation is not expected,1020,8,46,05:00,1,Good,2,Partly Cloudy,A gentle breeze from the west,W,W,Westerly,17,10,2023-12-21T22:40:00+01:00,2023-12-22T09:00:43.589+01:00,2988507,Paris
Partly cloudy and a gentle breeze,2,6,43,39,24,86,2023-12-23,0,Precipitation is not expected,1020,8,46,06:00,1,Good,2,Partly Cloudy,A gentle breeze from the west,W,W,Westerly,16,10,2023-12-21T22:40:00+01:00,2023-12-22T09:00:43.589+01:00,2988507,Paris
Partly cloudy and a gentle breeze,2,6,43,39,24,86,2023-12-23,0,Precipitation is not expected,1020,8,46,07:00,1,Good,2,Partly Cloudy,A gentle breeze from the west,W,W,Westerly,17,11,2023-12-21T22:40:00+01:00,2023-12-22T09:00:43.589+01:00,2988507,Paris
Partly cloudy and a gentle breeze,2,6,43,39,24,87,2023-12-23,0,Precipitation is not expected,1020,8,47,08:00,1,Good,2,Partly Cloudy,A gentle breeze from the west south west,WSW,WSW,West South Westerly,18,11,2023-12-21T22:40:00+01:00,2023-12-22T09:00:43.589+01:00,2988507,Paris
Light cloud and a gentle breeze,7,6,43,38,24,87,2023-12-23,0,Precipitation is not expected,1021,8,47,09:00,1,Good,7,Light Cloud,A gentle breeze from the west,W,W,Westerly,18,11,2023-12-21T22:40:00+01:00,2023-12-22T09:00:43.589+01:00,2988507,Paris
Light cloud and a gentle breeze,7,7,44,40,25,87,2023-12-23,0,Precipitation is not expected,1021,9,48,10:00,1,Good,7,Light Cloud,A gentle breeze from the west south west,WSW,WSW,West South Westerly,18,11,2023-12-21T22:40:00+01:00,2023-12-22T09:00:43.589+01:00,2988507,Paris
Light cloud and a gentle breeze,7,8,46,42,26,84,2023-12-23,0,Precipitation is not expected,1021,10,49,11:00,1,Good,7,Light Cloud,A gentle breeze from the west south west,WSW,WSW,West South Westerly,18,11,2023-12-21T22:40:00+01:00,2023-12-22T09:00:43.589+01:00,2988507,Paris
Light cloud and a gentle breeze,7,9,48,42,26,82,2023-12-23,0,Precipitation is not expected,1021,10,51,12:00,1,Good,7,Light Cloud,A gentle breeze from the west,W,W,Westerly,20,12,2023-12-21T22:40:00+01:00,2023-12-22T09:00:43.589+01:00,2988507,Paris
Light cloud and a moderate breeze,7,10,49,40,25,79,2023-12-23,0,Precipitation is not expected,1020,11,52,13:00,1,Good,7,Light Cloud,A moderate breeze from the west,W,W,Westerly,21,13,2023-12-21T22:40:00+01:00,2023-12-22T09:00:43.589+01:00,2988507,Paris
Light cloud and a gentle breeze,7,10,50,42,26,77,2023-12-23,0,Precipitation is not expected,1020,11,53,14:00,1,Good,7,Light Cloud,A gentle breeze from the west,W,W,Westerly,19,12,2023-12-21T22:40:00+01:00,2023-12-22T09:00:43.589+01:00,2988507,Paris
Light cloud and a gentle breeze,7,10,50,42,26,75,2023-12-23,0,Precipitation is not expected,1020,11,53,15:00,1,Good,7,Light Cloud,A gentle breeze from the west,W,W,Westerly,19,12,2023-12-21T22:40:00+01:00,2023-12-22T09:00:43.589+01:00,2988507,Paris
Light cloud and a gentle breeze,7,10,50,40,25,73,2023-12-23,0,Precipitation is not expected,1020,11,53,16:00,1,Good,7,Light Cloud,A gentle breeze from the west,W,W,Westerly,18,11,2023-12-21T22:40:00+01:00,2023-12-22T09:00:43.589+01:00,2988507,Paris
Light cloud and a gentle breeze,36,10,49,40,25,75,2023-12-23,0,Precipitation is not expected,1020,11,52,17:00,1,Good,7,Light Cloud,A gentle breeze from the west,W,W,Westerly,18,11,2023-12-21T22:40:00+01:00,2023-12-22T09:00:43.589+01:00,2988507,Paris
Light cloud and a gentle breeze,36,9,49,40,25,77,2023-12-23,5,Low chance of precipitation,1021,11,51,18:00,1,Good,7,Light Cloud,A gentle breeze from the west,W,W,Westerly,18,11,2023-12-21T22:40:00+01:00,2023-12-22T09:00:43.589+01:00,2988507,Paris
Light cloud and a gentle breeze,36,9,48,40,25,79,2023-12-23,17,Low chance of precipitation,1021,10,51,19:00,1,Good,7,Light Cloud,A gentle breeze from the west south west,WSW,WSW,West South Westerly,18,11,2023-12-21T22:40:00+01:00,2023-12-22T09:00:43.589+01:00,2988507,Paris
Light cloud and a gentle breeze,36,9,48,41,26,78,2023-12-23,0,Precipitation is not expected,1021,10,51,20:00,1,Good,7,Light Cloud,A gentle breeze from the west south west,WSW,WSW,West South Westerly,18,11,2023-12-21T22:40:00+01:00,2023-12-22T09:00:43.589+01:00,2988507,Paris
Light cloud and a gentle breeze,36,9,48,41,25,78,2023-12-23,0,Precipitation is not expected,1021,10,51,21:00,1,Good,7,Light Cloud,A gentle breeze from the west south west,WSW,WSW,West South Westerly,18,11,2023-12-21T22:40:00+01:00,2023-12-22T09:00:43.589+01:00,2988507,Paris
Light cloud and a gentle breeze,36,9,48,42,26,78,2023-12-23,0,Precipitation is not expected,1021,10,50,22:00,1,Good,7,Light Cloud,A gentle breeze from the west south west,WSW,WSW,West South Westerly,17,11,2023-12-21T22:40:00+01:00,2023-12-22T09:00:43.589+01:00,2988507,Paris
Light cloud and a gentle breeze,36,8,47,43,27,78,2023-12-23,0,Precipitation is not expected,1021,10,50,23:00,1,Good,7,Light Cloud,A gentle breeze from the west south west,WSW,WSW,West South Westerly,18,11,2023-12-21T22:40:00+01:00,2023-12-22T09:00:43.589+01:00,2988507,Paris
Light cloud and a gentle breeze,36,9,47,42,26,79,2023-12-24,0,Precipitation is not expected,1021,10,50,00:00,1,Good,7,Light Cloud,A gentle breeze from the west south west,WSW,WSW,West South Westerly,19,12,2023-12-21T22:40:00+01:00,2023-12-22T09:00:43.589+01:00,2988507,Paris
Light cloud and a gentle breeze,36,8,47,43,27,79,2023-12-24,0,Precipitation is not expected,1021,10,50,01:00,1,Good,7,Light Cloud,A gentle breeze from the west south west,WSW,WSW,West South Westerly,19,12,2023-12-21T22:40:00+01:00,2023-12-22T09:00:43.589+01:00,2988507,Paris
Light cloud and a gentle breeze,36,8,47,42,26,79,2023-12-24,0,Precipitation is not expected,1020,10,50,02:00,1,Good,7,Light Cloud,A gentle breeze from the west south west,WSW,WSW,West South Westerly,19,12,2023-12-21T22:40:00+01:00,2023-12-22T09:00:43.589+01:00,2988507,Paris
Light cloud and a moderate breeze,36,8,46,42,26,79,2023-12-24,0,Precipitation is not expected,1020,10,49,03:00,1,Good,7,Light Cloud,A moderate breeze from the west south west,WSW,WSW,West South Westerly,20,13,2023-12-21T22:40:00+01:00,2023-12-22T09:00:43.589+01:00,2988507,Paris
Light cloud and a moderate breeze,36,7,45,42,26,80,2023-12-24,0,Precipitation is not expected,1020,9,49,04:00,1,Good,7,Light Cloud,A moderate breeze from the west south west,WSW,WSW,West South Westerly,20,13,2023-12-21T22:40:00+01:00,2023-12-22T09:00:43.589+01:00,2988507,Paris
Light cloud and a moderate breeze,36,7,45,41,25,81,2023-12-24,0,Precipitation is not expected,1020,9,49,05:00,1,Good,7,Light Cloud,A moderate breeze from the west south west,WSW,WSW,West South Westerly,21,13,2023-12-21T22:40:00+01:00,2023-12-22T09:00:43.589+01:00,2988507,Paris
Light cloud and a moderate breeze,36,7,45,40,25,83,2023-12-24,0,Precipitation is not expected,1019,9,49,06:00,1,Good,7,Light Cloud,A moderate breeze from the west south west,WSW,WSW,West South Westerly,21,13,2023-12-21T22:40:00+01:00,2023-12-22T09:00:43.589+01:00,2988507,Paris
Light cloud and a moderate breeze,36,7,45,40,25,83,2023-12-24,21,Low chance of precipitation,1019,9,49,07:00,1,Good,7,Light Cloud,A moderate breeze from the south west,SW,SW,South Westerly,21,13,2023-12-21T22:40:00+01:00,2023-12-22T09:00:43.589+01:00,2988507,Paris
Light rain showers and a moderate breeze,9,7,45,42,26,84,2023-12-24,51,Chance of precipitation,1019,9,49,08:00,1,Moderate,9,Light Rain Showers,A moderate breeze from the south west,SW,SW,South Westerly,21,13,2023-12-21T22:40:00+01:00,2023-12-22T09:00:43.589+01:00,2988507,Paris
Light rain and a moderate breeze,12,7,46,42,26,85,2023-12-24,55,Chance of precipitation,1019,9,49,09:00,1,Moderate,12,Light Rain,A moderate breeze from the south west,SW,SW,South Westerly,21,13,2023-12-21T22:40:00+01:00,2023-12-22T09:00:43.589+01:00,2988507,Paris
Light rain and a moderate breeze,12,8,46,43,27,87,2023-12-24,58,Chance of precipitation,1019,10,49,10:00,1,Good,12,Light Rain,A moderate breeze from the south west,SW,SW,South Westerly,21,13,2023-12-21T22:40:00+01:00,2023-12-22T09:00:43.589+01:00,2988507,Paris
Light rain showers and a moderate breeze,10,9,48,43,27,85,2023-12-24,42,Chance of precipitation,1019,10,51,11:00,1,Good,10,Light Rain Showers,A moderate breeze from the south west,SW,SW,South Westerly,21,13,2023-12-21T22:40:00+01:00,2023-12-22T09:00:43.589+01:00,2988507,Paris
Light cloud and a moderate breeze,7,10,49,44,27,83,2023-12-24,20,Low chance of precipitation,1019,11,52,12:00,1,Good,7,Light Cloud,A moderate breeze from the south west,SW,SW,South Westerly,22,14,2023-12-21T22:40:00+01:00,2023-12-22T09:00:43.589+01:00,2988507,Paris
Thick cloud and a moderate breeze,8,10,51,43,27,82,2023-12-24,20,Low chance of precipitation,1019,11,53,13:00,1,Good,8,Thick Cloud,A moderate breeze from the west south west,WSW,WSW,West South Westerly,21,13,2023-12-21T22:40:00+01:00,2023-12-22T09:00:43.589+01:00,2988507,Paris
Light cloud and a moderate breeze,7,11,51,43,27,79,2023-12-24,0,Precipitation is not expected,1018,12,53,14:00,1,Good,7,Light Cloud,A moderate breeze from the west south west,WSW,WSW,West South Westerly,21,13,2023-12-21T22:40:00+01:00,2023-12-22T09:00:43.589+01:00,2988507,Paris
Light cloud and a moderate breeze,7,11,52,43,27,78,2023-12-24,0,Precipitation is not expected,1018,12,54,15:00,1,Good,7,Light Cloud,A moderate breeze from the west south west,WSW,WSW,West South Westerly,21,13,2023-12-21T22:40:00+01:00,2023-12-22T09:00:43.589+01:00,2988507,Paris
Sunny intervals and a moderate breeze,3,11,52,42,26,78,2023-12-24,0,Precipitation is not expected,1018,12,54,16:00,1,Good,3,Sunny Intervals,A moderate breeze from the south west,SW,SW,South Westerly,20,13,2023-12-21T22:40:00+01:00,2023-12-22T09:00:43.589+01:00,2988507,Paris
Partly cloudy and a gentle breeze,2,11,51,41,25,79,2023-12-24,0,Precipitation is not expected,1018,12,53,17:00,1,Good,2,Partly Cloudy,A gentle breeze from the south west,SW,SW,South Westerly,20,12,2023-12-21T22:40:00+01:00,2023-12-22T09:00:43.589+01:00,2988507,Paris
Partly cloudy and a gentle breeze,2,11,51,39,24,80,2023-12-24,0,Precipitation is not expected,1018,12,53,18:00,1,Good,2,Partly Cloudy,A gentle breeze from the south west,SW,SW,South Westerly,20,12,2023-12-21T22:40:00+01:00,2023-12-22T09:00:43.589+01:00,2988507,Paris
Partly cloudy and a gentle breeze,2,10,50,39,24,81,2023-12-24,0,Precipitation is not expected,1018,11,53,19:00,1,Good,2,Partly Cloudy,A gentle breeze from the south west,SW,SW,South Westerly,19,12,2023-12-21T22:40:00+01:00,2023-12-22T09:00:43.589+01:00,2988507,Paris
Partly cloudy and a gentle breeze,2,10,50,39,24,81,2023-12-24,0,Precipitation is not expected,1018,11,53,20:00,1,Good,2,Partly Cloudy,A gentle breeze from the south west,SW,SW,South Westerly,19,12,2023-12-21T22:40:00+01:00,2023-12-22T09:00:43.589+01:00,2988507,Paris
Partly cloudy and a gentle breeze,2,10,50,39,24,82,2023-12-24,0,Precipitation is not expected,1018,11,52,21:00,1,Good,2,Partly Cloudy,A gentle breeze from the south west,SW,SW,South Westerly,20,12,2023-12-21T22:40:00+01:00,2023-12-22T09:00:43.589+01:00,2988507,Paris
Partly cloudy and a gentle breeze,2,10,49,39,24,82,2023-12-24,0,Precipitation is not expected,1018,11,52,22:00,1,Good,2,Partly Cloudy,A gentle breeze from the south west,SW,SW,South Westerly,19,12,2023-12-21T22:40:00+01:00,2023-12-22T09:00:43.589+01:00,2988507,Paris
Partly cloudy and a gentle breeze,2,9,49,39,24,82,2023-12-24,0,Precipitation is not expected,1018,11,51,23:00,1,Good,2,Partly Cloudy,A gentle breeze from the south west,SW,SW,South Westerly,19,12,2023-12-21T22:40:00+01:00,2023-12-22T09:00:43.589+01:00,2988507,Paris
Partly cloudy and a gentle breeze,2,9,48,40,25,82,2023-12-25,0,Precipitation is not expected,1018,11,51,00:00,1,Good,2,Partly Cloudy,A gentle breeze from the south west,SW,SW,South Westerly,19,12,2023-12-21T22:40:00+01:00,2023-12-22T09:00:43.589+01:00,2988507,Paris
Partly cloudy and a gentle breeze,2,9,48,40,25,83,2023-12-25,0,Precipitation is not expected,1018,10,51,01:00,1,Good,2,Partly Cloudy,A gentle breeze from the south west,SW,SW,South Westerly,18,11,2023-12-21T22:40:00+01:00,2023-12-22T09:00:43.589+01:00,2988507,Paris
Partly cloudy and a gentle breeze,2,9,47,39,24,83,2023-12-25,0,Precipitation is not expected,1017,10,50,02:00,1,Good,2,Partly Cloudy,A gentle breeze from the south west,SW,SW,South Westerly,19,12,2023-12-21T22:40:00+01:00,2023-12-22T09:00:43.589+01:00,2988507,Paris
Partly cloudy and a gentle breeze,2,9,47,38,24,83,2023-12-25,0,Precipitation is not expected,1017,10,50,03:00,1,Good,2,Partly Cloudy,A gentle breeze from the south west,SW,SW,South Westerly,19,12,2023-12-21T22:40:00+01:00,2023-12-22T09:00:43.589+01:00,2988507,Paris
Partly cloudy and a gentle breeze,2,9,47,39,24,83,2023-12-25,0,Precipitation is not expected,1017,10,50,04:00,1,Good,2,Partly Cloudy,A gentle breeze from the south west,SW,SW,South Westerly,18,11,2023-12-21T22:40:00+01:00,2023-12-22T09:00:43.589+01:00,2988507,Paris
Partly cloudy and a gentle breeze,2,8,47,39,24,83,2023-12-25,0,Precipitation is not expected,1017,10,50,05:00,1,Good,2,Partly Cloudy,A gentle breeze from the south west,SW,SW,South Westerly,18,11,2023-12-21T22:40:00+01:00,2023-12-22T09:00:43.589+01:00,2988507,Paris
Partly cloudy and a gentle breeze,2,8,47,39,24,85,2023-12-25,0,Precipitation is not expected,1017,10,50,06:00,1,Good,2,Partly Cloudy,A gentle breeze from the south west,SW,SW,South Westerly,18,11,2023-12-21T22:40:00+01:00,2023-12-22T09:00:43.589+01:00,2988507,Paris
Partly cloudy and a gentle breeze,2,8,47,39,24,86,2023-12-25,0,Precipitation is not expected,1017,10,50,07:00,1,Good,2,Partly Cloudy,A gentle breeze from the south west,SW,SW,South Westerly,18,11,2023-12-21T22:40:00+01:00,2023-12-22T09:00:43.589+01:00,2988507,Paris
Partly cloudy and a gentle breeze,2,8,47,39,24,86,2023-12-25,0,Precipitation is not expected,1017,10,50,08:00,1,Good,2,Partly Cloudy,A gentle breeze from the south west,SW,SW,South Westerly,19,12,2023-12-21T22:40:00+01:00,2023-12-22T09:00:43.589+01:00,2988507,Paris
Sunny intervals and a gentle breeze,3,8,47,39,24,86,2023-12-25,0,Precipitation is not expected,1017,10,50,09:00,1,Good,3,Sunny Intervals,A gentle breeze from the south west,SW,SW,South Westerly,19,12,2023-12-21T22:40:00+01:00,2023-12-22T09:00:43.589+01:00,2988507,Paris
Sunny intervals and a gentle breeze,3,9,47,40,25,86,2023-12-25,0,Precipitation is not expected,1018,10,50,10:00,1,Good,3,Sunny Intervals,A gentle breeze from the south west,SW,SW,South Westerly,19,12,2023-12-21T22:40:00+01:00,2023-12-22T09:00:43.589+01:00,2988507,Paris
Sunny intervals and a gentle breeze,3,9,49,42,26,83,2023-12-25,0,Precipitation is not expected,1018,11,51,11:00,1,Good,3,Sunny Intervals,A gentle breeze from the south west,SW,SW,South Westerly,19,12,2023-12-21T22:40:00+01:00,2023-12-22T09:00:43.589+01:00,2988507,Paris
Light cloud and a moderate breeze,7,10,50,44,27,79,2023-12-25,0,Precipitation is not expected,1018,11,52,12:00,1,Good,7,Light Cloud,A moderate breeze from the south west,SW,SW,South Westerly,20,13,2023-12-21T22:40:00+01:00,2023-12-22T09:00:43.589+01:00,2988507,Paris
Light cloud and a moderate breeze,7,11,51,43,27,77,2023-12-25,0,Precipitation is not expected,1017,12,53,13:00,1,Good,7,Light Cloud,A moderate breeze from the south west,SW,SW,South Westerly,21,13,2023-12-21T22:40:00+01:00,2023-12-22T09:00:43.589+01:00,2988507,Paris
Sunny intervals and a moderate breeze,3,11,52,42,26,75,2023-12-25,0,Precipitation is not expected,1017,12,54,14:00,1,Good,3,Sunny Intervals,A moderate breeze from the west south west,WSW,WSW,West South Westerly,20,13,2023-12-21T22:40:00+01:00,2023-12-22T09:00:43.589+01:00,2988507,Paris
Sunny intervals and a gentle breeze,3,11,52,42,26,73,2023-12-25,0,Precipitation is not expected,1017,12,54,15:00,1,Good,3,Sunny Intervals,A gentle breeze from the west south west,WSW,WSW,West South Westerly,19,12,2023-12-21T22:40:00+01:00,2023-12-22T09:00:43.589+01:00,2988507,Paris
Sunny intervals and a gentle breeze,3,11,52,39,24,74,2023-12-25,0,Precipitation is not expected,1017,12,54,16:00,1,Good,3,Sunny Intervals,A gentle breeze from the south west,SW,SW,South Westerly,18,11,2023-12-21T22:40:00+01:00,2023-12-22T09:00:43.589+01:00,2988507,Paris
Partly cloudy and a gentle breeze,2,10,50,37,23,76,2023-12-25,0,Precipitation is not expected,1017,11,53,17:00,1,Good,2,Partly Cloudy,A gentle breeze from the south west,SW,SW,South Westerly,17,11,2023-12-21T22:40:00+01:00,2023-12-22T09:00:43.589+01:00,2988507,Paris
Partly cloudy and a gentle breeze,2,10,49,34,21,78,2023-12-25,0,Precipitation is not expected,1017,11,52,18:00,1,Good,2,Partly Cloudy,A gentle breeze from the south west,SW,SW,South Westerly,17,11,2023-12-21T22:40:00+01:00,2023-12-22T09:00:43.589+01:00,2988507,Paris
A clear sky and a gentle breeze,0,9,48,35,22,80,2023-12-25,0,Precipitation is not expected,1017,11,51,19:00,1,Good,0,Clear Sky,A gentle breeze from the south west,SW,SW,South Westerly,17,10,2023-12-21T22:40:00+01:00,2023-12-22T09:00:43.589+01:00,2988507,Paris
Partly cloudy and a gentle breeze,2,9,49,36,23,81,2023-12-25,0,Precipitation is not expected,1018,11,51,20:00,1,Good,2,Partly Cloudy,A gentle breeze from the south west,SW,SW,South Westerly,17,10,2023-12-21T22:40:00+01:00,2023-12-22T09:00:43.589+01:00,2988507,Paris
Partly cloudy and a gentle breeze,2,9,48,38,24,82,2023-12-25,0,Precipitation is not expected,1018,10,51,21:00,1,Good,2,Partly Cloudy,A gentle breeze from the south west,SW,SW,South Westerly,17,11,2023-12-21T22:40:00+01:00,2023-12-22T09:00:43.589+01:00,2988507,Paris
Partly cloudy and a gentle breeze,2,9,48,38,24,82,2023-12-25,0,Precipitation is not expected,1018,10,51,22:00,1,Good,2,Partly Cloudy,A gentle breeze from the south west,SW,SW,South Westerly,17,10,2023-12-21T22:40:00+01:00,2023-12-22T09:00:43.589+01:00,2988507,Paris
Light cloud and a gentle breeze,36,9,48,38,24,83,2023-12-25,0,Precipitation is not expected,1018,10,50,23:00,1,Good,7,Light Cloud,A gentle breeze from the south west,SW,SW,South Westerly,17,11,2023-12-21T22:40:00+01:00,2023-12-22T09:00:43.589+01:00,2988507,Paris
Light cloud and a gentle breeze,36,9,48,38,24,83,2023-12-26,0,Precipitation is not expected,1018,10,51,00:00,1,Good,7,Light Cloud,A gentle breeze from the south west,SW,SW,South Westerly,17,11,2023-12-21T22:40:00+01:00,2023-12-22T09:00:43.589+01:00,2988507,Paris
Thick cloud and a gentle breeze,37,9,48,38,24,83,2023-12-26,0,Precipitation is not expected,1019,10,50,01:00,1,Good,8,Thick Cloud,A gentle breeze from the south west,SW,SW,South Westerly,17,11,2023-12-21T22:40:00+01:00,2023-12-22T09:00:43.589+01:00,2988507,Paris
Light cloud and a gentle breeze,36,9,48,38,24,83,2023-12-26,0,Precipitation is not expected,1019,10,51,02:00,1,Good,7,Light Cloud,A gentle breeze from the south west,SW,SW,South Westerly,17,11,2023-12-21T22:40:00+01:00,2023-12-22T09:00:43.589+01:00,2988507,Paris
Light cloud and a gentle breeze,36,9,48,38,24,83,2023-12-26,0,Precipitation is not expected,1019,10,51,03:00,1,Good,7,Light Cloud,A gentle breeze from the south west,SW,SW,South Westerly,18,11,2023-12-21T22:40:00+01:00,2023-12-22T09:00:43.589+01:00,2988507,Paris
Light cloud and a gentle breeze,36,9,48,37,23,83,2023-12-26,0,Precipitation is not expected,1019,11,51,04:00,1,Good,7,Light Cloud,A gentle breeze from the south west,SW,SW,South Westerly,18,11,2023-12-21T22:40:00+01:00,2023-12-22T09:00:43.589+01:00,2988507,Paris
Light cloud and a gentle breeze,36,9,48,36,23,84,2023-12-26,0,Precipitation is not expected,1019,10,51,05:00,1,Good,7,Light Cloud,A gentle breeze from the west south west,WSW,WSW,West South Westerly,18,11,2023-12-21T22:40:00+01:00,2023-12-22T09:00:43.589+01:00,2988507,Paris
Light cloud and a gentle breeze,36,9,49,36,22,85,2023-12-26,0,Precipitation is not expected,1020,11,51,06:00,1,Good,7,Light Cloud,A gentle breeze from the south west,SW,SW,South Westerly,17,11,2023-12-21T22:40:00+01:00,2023-12-22T09:00:43.589+01:00,2988507,Paris
Light cloud and a gentle breeze,36,9,49,34,21,85,2023-12-26,22,Low chance of precipitation,1020,11,51,07:00,1,Good,7,Light Cloud,A gentle breeze from the west south west,WSW,WSW,West South Westerly,17,11,2023-12-21T22:40:00+01:00,2023-12-22T09:00:43.589+01:00,2988507,Paris
Light rain and a gentle breeze,39,9,49,31,19,87,2023-12-26,60,Chance of precipitation,1020,11,51,08:00,1,Good,12,Light Rain,A gentle breeze from the south west,SW,SW,South Westerly,17,11,2023-12-21T22:40:00+01:00,2023-12-22T09:00:43.589+01:00,2988507,Paris
Light rain and a gentle breeze,12,9,49,29,18,89,2023-12-26,53,Chance of precipitation,1021,10,51,09:00,1,Good,12,Light Rain,A gentle breeze from the south west,SW,SW,South Westerly,16,10,2023-12-21T22:40:00+01:00,2023-12-22T09:00:43.589+01:00,2988507,Paris
Light rain and a gentle breeze,12,9,49,29,18,90,2023-12-26,54,Chance of precipitation,1021,10,51,10:00,1,Good,12,Light Rain,A gentle breeze from the south west,SW,SW,South Westerly,15,9,2023-12-21T22:40:00+01:00,2023-12-22T09:00:43.589+01:00,2988507,Paris
Light rain and a gentle breeze,12,10,49,29,18,89,2023-12-26,49,Chance of precipitation,1021,11,51,11:00,1,Good,12,Light Rain,A gentle breeze from the south west,SW,SW,South Westerly,16,10,2023-12-21T22:40:00+01:00,2023-12-22T09:00:43.589+01:00,2988507,Paris
Light rain and a gentle breeze,12,10,50,29,18,87,2023-12-26,48,Chance of precipitation,1022,11,52,12:00,1,Good,12,Light Rain,A gentle breeze from the south west,SW,SW,South Westerly,16,10,2023-12-21T22:40:00+01:00,2023-12-22T09:00:43.589+01:00,2988507,Paris
Light rain and a gentle breeze,12,11,51,28,18,86,2023-12-26,52,Chance of precipitation,1021,11,53,13:00,1,Good,12,Light Rain,A gentle breeze from the south west,SW,SW,South Westerly,15,9,2023-12-21T22:40:00+01:00,2023-12-22T09:00:43.589+01:00,2988507,Paris
Light rain and a gentle breeze,12,11,52,26,16,84,2023-12-26,49,Chance of precipitation,1021,12,53,14:00,1,Good,12,Light Rain,A gentle breeze from the south west,SW,SW,South Westerly,14,9,2023-12-21T22:40:00+01:00,2023-12-22T09:00:43.589+01:00,2988507,Paris
Light rain and a gentle breeze,12,11,52,25,15,82,2023-12-26,49,Chance of precipitation,1021,12,53,15:00,1,Good,12,Light Rain,A gentle breeze from the south west,SW,SW,South Westerly,14,9,2023-12-21T22:40:00+01:00,2023-12-22T09:00:43.589+01:00,2988507,Paris
Light rain and a gentle breeze,12,11,52,23,14,82,2023-12-26,49,Chance of precipitation,1021,12,53,16:00,1,Good,12,Light Rain,A gentle breeze from the south west,SW,SW,South Westerly,13,8,2023-12-21T22:40:00+01:00,2023-12-22T09:00:43.589+01:00,2988507,Paris
Light rain and a gentle breeze,39,10,51,21,13,83,2023-12-26,52,Chance of precipitation,1021,11,52,17:00,1,Good,12,Light Rain,A gentle breeze from the south west,SW,SW,South Westerly,13,8,2023-12-21T22:40:00+01:00,2023-12-22T09:00:43.589+01:00,2988507,Paris
Light rain and a gentle breeze,39,10,50,18,11,84,2023-12-26,52,Chance of precipitation,1021,11,51,18:00,1,Good,12,Light Rain,A gentle breeze from the south west,SW,SW,South Westerly,13,8,2023-12-21T22:40:00+01:00,2023-12-22T09:00:43.589+01:00,2988507,Paris
Light rain and light winds,39,9,49,19,12,86,2023-12-26,52,Chance of precipitation,1021,10,50,19:00,1,Moderate,12,Light Rain,Light winds from the south south west,SSW,SSW,South South Westerly,12,7,2023-12-21T22:40:00+01:00,2023-12-22T09:00:43.589+01:00,2988507,Paris
Light rain and light winds,39,9,49,19,12,88,2023-12-26,35,Chance of precipitation,1021,10,50,20:00,1,Moderate,12,Light Rain,Light winds from the south south west,SSW,SSW,South South Westerly,12,7,2023-12-21T22:40:00+01:00,2023-12-22T09:00:43.589+01:00,2988507,Paris
Light rain and a gentle breeze,39,9,48,20,13,88,2023-12-26,35,Chance of precipitation,1021,10,50,21:00,1,Moderate,12,Light Rain,A gentle breeze from the south south west,SSW,SSW,South South Westerly,13,8,2023-12-21T22:40:00+01:00,2023-12-22T09:00:43.589+01:00,2988507,Paris
Light rain and a gentle breeze,39,9,48,21,13,89,2023-12-26,35,Chance of precipitation,1021,10,50,22:00,1,Good,12,Light Rain,A gentle breeze from the south south west,SSW,SSW,South South Westerly,13,8,2023-12-21T22:40:00+01:00,2023-12-22T09:00:43.589+01:00,2988507,Paris
Light rain and a gentle breeze,39,8,47,22,14,89,2023-12-26,28,Low chance of precipitation,1021,10,49,23:00,1,Good,12,Light Rain,A gentle breeze from the south south west,SSW,SSW,South South Westerly,14,9,2023-12-21T22:40:00+01:00,2023-12-22T09:00:43.589+01:00,2988507,Paris
Light rain and a gentle breeze,39,9,47,22,14,90,2023-12-27,28,Low chance of precipitation,1021,10,49,00:00,1,Good,12,Light Rain,A gentle breeze from the south south west,SSW,SSW,South South Westerly,14,9,2023-12-21T22:40:00+01:00,2023-12-22T09:00:43.589+01:00,2988507,Paris
Light rain and a gentle breeze,39,8,47,24,15,90,2023-12-27,28,Low chance of precipitation,1020,10,49,01:00,1,Good,12,Light Rain,A gentle breeze from the south south west,SSW,SSW,South South Westerly,14,9,2023-12-21T22:40:00+01:00,2023-12-22T09:00:43.589+01:00,2988507,Paris
Light rain and a gentle breeze,39,8,47,26,16,90,2023-12-27,40,Chance of precipitation,1020,10,49,02:00,1,Good,12,Light Rain,A gentle breeze from the south south west,SSW,SSW,South South Westerly,16,10,2023-12-21T22:40:00+01:00,2023-12-22T09:00:43.589+01:00,2988507,Paris
Light rain and a gentle breeze,39,8,46,28,17,90,2023-12-27,40,Chance of precipitation,1019,9,49,03:00,1,Good,12,Light Rain,A gentle breeze from the south south west,SSW,SSW,South South Westerly,17,11,2023-12-21T22:40:00+01:00,2023-12-22T09:00:43.589+01:00,2988507,Paris
Light rain and a gentle breeze,39,8,46,29,18,90,2023-12-27,40,Chance of precipitation,1019,9,49,04:00,1,Good,12,Light Rain,A gentle breeze from the south south west,SSW,SSW,South South Westerly,18,11,2023-12-21T22:40:00+01:00,2023-12-22T09:00:43.589+01:00,2988507,Paris
Light rain and a gentle breeze,39,7,45,31,19,91,2023-12-27,40,Chance of precipitation,1018,9,49,05:00,1,Good,12,Light Rain,A gentle breeze from the south south west,SSW,SSW,South South Westerly,19,12,2023-12-21T22:40:00+01:00,2023-12-22T09:00:43.589+01:00,2988507,Paris
Light rain and a gentle breeze,39,7,45,32,20,93,2023-12-27,40,Chance of precipitation,1018,9,49,06:00,1,Good,12,Light Rain,A gentle breeze from the south south west,SSW,SSW,South South Westerly,20,12,2023-12-21T22:40:00+01:00,2023-12-22T09:00:43.589+01:00,2988507,Paris
Light rain and a moderate breeze,39,7,45,36,22,93,2023-12-27,40,Chance of precipitation,1017,9,49,07:00,1,Good,12,Light Rain,A moderate breeze from the south south west,SSW,SSW,South South Westerly,22,14,2023-12-21T22:40:00+01:00,2023-12-22T09:00:43.589+01:00,2988507,Paris
Light rain and a moderate breeze,39,7,44,40,25,92,2023-12-27,40,Chance of precipitation,1017,9,48,08:00,1,Good,12,Light Rain,A moderate breeze from the south south west,SSW,SSW,South South Westerly,22,14,2023-12-21T22:40:00+01:00,2023-12-22T09:00:43.589+01:00,2988507,Paris
Light rain and a moderate breeze,12,7,44,43,27,93,2023-12-27,40,Chance of precipitation,1016,9,48,09:00,1,Good,12,Light Rain,A moderate breeze from the south south west,SSW,SSW,South South Westerly,22,14,2023-12-21T22:40:00+01:00,2023-12-22T09:00:43.589+01:00,2988507,Paris
Light rain and a moderate breeze,12,7,44,42,26,92,2023-12-27,40,Chance of precipitation,1016,9,48,10:00,1,Good,12,Light Rain,A moderate breeze from the south south west,SSW,SSW,South South Westerly,22,14,2023-12-21T22:40:00+01:00,2023-12-22T09:00:43.589+01:00,2988507,Paris
Light rain and a moderate breeze,12,7,44,42,26,89,2023-12-27,31,Chance of precipitation,1015,9,48,11:00,1,Good,12,Light Rain,A moderate breeze from the south south west,SSW,SSW,South South Westerly,23,14,2023-12-21T22:40:00+01:00,2023-12-22T09:00:43.589+01:00,2988507,Paris
Light rain and a moderate breeze,12,7,45,42,26,85,2023-12-27,31,Chance of precipitation,1015,9,49,12:00,1,Good,12,Light Rain,A moderate breeze from the south south west,SSW,SSW,South South Westerly,24,15,2023-12-21T22:40:00+01:00,2023-12-22T09:00:43.589+01:00,2988507,Paris
Light rain and a moderate breeze,12,7,45,44,27,82,2023-12-27,31,Chance of precipitation,1014,10,49,13:00,1,Good,12,Light Rain,A moderate breeze from the south south west,SSW,SSW,South South Westerly,23,14,2023-12-21T22:40:00+01:00,2023-12-22T09:00:43.589+01:00,2988507,Paris
Light rain and a moderate breeze,12,8,46,46,28,77,2023-12-27,49,Chance of precipitation,1013,10,50,14:00,1,Good,12,Light Rain,A moderate breeze from the south south west,SSW,SSW,South South Westerly,24,15,2023-12-21T22:40:00+01:00,2023-12-22T09:00:43.589+01:00,2988507,Paris
Light rain and a moderate breeze,12,9,47,48,30,75,2023-12-27,49,Chance of precipitation,1013,11,51,15:00,1,Good,12,Light Rain,A moderate breeze from the south south west,SSW,SSW,South South Westerly,24,15,2023-12-21T22:40:00+01:00,2023-12-22T09:00:43.589+01:00,2988507,Paris
Light rain and a moderate breeze,12,9,47,50,31,73,2023-12-27,49,Chance of precipitation,1012,11,51,16:00,1,Moderate,12,Light Rain,A moderate breeze from the south south west,SSW,SSW,South South Westerly,24,15,2023-12-21T22:40:00+01:00,2023-12-22T09:00:43.589+01:00,2988507,Paris
Light rain and a moderate breeze,39,8,47,52,32,74,2023-12-27,70,Chance of precipitation,1012,10,50,17:00,1,Moderate,12,Light Rain,A moderate breeze from the south south west,SSW,SSW,South South Westerly,24,15,2023-12-21T22:40:00+01:00,2023-12-22T09:00:43.589+01:00,2988507,Paris
Light rain and a moderate breeze,39,8,46,53,33,76,2023-12-27,70,Chance of precipitation,1012,10,50,18:00,1,Moderate,12,Light Rain,A moderate breeze from the south south west,SSW,SSW,South South Westerly,26,16,2023-12-21T22:40:00+01:00,2023-12-22T09:00:43.589+01:00,2988507,Paris
Light rain and a moderate breeze,39,8,46,51,32,77,2023-12-27,70,Chance of precipitation,1011,10,50,19:00,1,Good,12,Light Rain,A moderate breeze from the south south west,SSW,SSW,South South Westerly,26,16,2023-12-21T22:40:00+01:00,2023-12-22T09:00:43.589+01:00,2988507,Paris
Light rain and a moderate breeze,39,8,46,49,30,77,2023-12-27,66,Chance of precipitation,1012,10,50,20:00,1,Good,12,Light Rain,A moderate breeze from the south south west,SSW,SSW,South South Westerly,26,16,2023-12-21T22:40:00+01:00,2023-12-22T09:00:43.589+01:00,2988507,Paris
Light rain and a moderate breeze,39,8,46,47,29,77,2023-12-27,66,Chance of precipitation,1012,10,50,21:00,1,Good,12,Light Rain,A moderate breeze from the south west,SW,SW,South Westerly,26,16,2023-12-21T22:40:00+01:00,2023-12-22T09:00:43.589+01:00,2988507,Paris
Light rain and a moderate breeze,39,8,46,47,29,78,2023-12-27,66,Chance of precipitation,1012,10,50,22:00,1,Good,12,Light Rain,A moderate breeze from the south west,SW,SW,South Westerly,25,16,2023-12-21T22:40:00+01:00,2023-12-22T09:00:43.589+01:00,2988507,Paris
Drizzle and a moderate breeze,38,8,46,46,29,78,2023-12-27,37,Chance of precipitation,1013,10,50,23:00,1,Good,11,Drizzle,A moderate breeze from the south west,SW,SW,South Westerly,26,16,2023-12-21T22:40:00+01:00,2023-12-22T09:00:43.589+01:00,2988507,Paris
Drizzle and a moderate breeze,38,8,46,46,28,78,2023-12-28,37,Chance of precipitation,1013,10,50,00:00,1,Good,11,Drizzle,A moderate breeze from the south west,SW,SW,South Westerly,25,16,2023-12-21T22:40:00+01:00,2023-12-22T09:00:43.589+01:00,2988507,Paris
Drizzle and a moderate breeze,38,7,45,48,30,79,2023-12-28,37,Chance of precipitation,1013,10,49,01:00,1,Good,11,Drizzle,A moderate breeze from the south west,SW,SW,South Westerly,25,15,2023-12-21T22:40:00+01:00,2023-12-22T09:00:43.589+01:00,2988507,Paris
Light rain and a moderate breeze,39,7,45,52,32,79,2023-12-28,68,Chance of precipitation,1014,10,49,02:00,1,Good,12,Light Rain,A moderate breeze from the south west,SW,SW,South Westerly,25,15,2023-12-21T22:40:00+01:00,2023-12-22T09:00:43.589+01:00,2988507,Paris
Light rain and a moderate breeze,39,7,45,55,34,80,2023-12-28,68,Chance of precipitation,1014,9,49,03:00,1,Good,12,Light Rain,A moderate breeze from the south west,SW,SW,South Westerly,25,15,2023-12-21T22:40:00+01:00,2023-12-22T09:00:43.589+01:00,2988507,Paris
Light rain and a moderate breeze,39,7,44,55,34,82,2023-12-28,68,Chance of precipitation,1014,9,48,04:00,1,Good,12,Light Rain,A moderate breeze from the south west,SW,SW,South Westerly,24,15,2023-12-21T22:40:00+01:00,2023-12-22T09:00:43.589+01:00,2988507,Paris
Light rain and a moderate breeze,39,7,44,56,35,82,2023-12-28,70,Chance of precipitation,1013,9,48,05:00,1,Good,12,Light Rain,A moderate breeze from the south west,SW,SW,South Westerly,24,15,2023-12-21T22:40:00+01:00,2023-12-22T09:00:43.589+01:00,2988507,Paris
Light rain and a moderate breeze,39,7,44,57,35,84,2023-12-28,70,Chance of precipitation,1013,9,48,06:00,1,Good,12,Light Rain,A moderate breeze from the south west,SW,SW,South Westerly,23,15,2023-12-21T22:40:00+01:00,2023-12-22T09:00:43.589+01:00,2988507,Paris
Light rain and a moderate breeze,39,6,43,58,36,84,2023-12-28,70,Chance of precipitation,1013,9,48,07:00,1,Good,12,Light Rain,A moderate breeze from the south west,SW,SW,South Westerly,23,15,2023-12-21T22:40:00+01:00,2023-12-22T09:00:43.589+01:00,2988507,Paris
Light rain showers and a moderate breeze,9,6,43,59,37,84,2023-12-28,34,Chance of precipitation,1013,9,47,08:00,1,Good,9,Light Rain Showers,A moderate breeze from the south west,SW,SW,South Westerly,24,15,2023-12-21T22:40:00+01:00,2023-12-22T09:00:43.589+01:00,2988507,Paris
Light rain showers and a moderate breeze,10,6,43,61,38,85,2023-12-28,34,Chance of precipitation,1013,9,47,09:00,1,Good,10,Light Rain Showers,A moderate breeze from the south west,SW,SW,South Westerly,24,15,2023-12-21T22:40:00+01:00,2023-12-22T09:00:43.589+01:00,2988507,Paris
Light rain showers and a moderate breeze,10,6,43,63,39,85,2023-12-28,34,Chance of precipitation,1013,9,47,10:00,1,Good,10,Light Rain Showers,A moderate breeze from the south west,SW,SW,South Westerly,24,15,2023-12-21T22:40:00+01:00,2023-12-22T09:00:43.589+01:00,2988507,Paris
Gusty winds and light cloud,7,7,44,65,40,81,2023-12-28,25,Low chance of precipitation,1013,9,49,11:00,1,Good,7,Light Cloud,Gusty winds from the south west,SW,SW,South Westerly,26,16,2023-12-21T22:40:00+01:00,2023-12-22T09:00:43.589+01:00,2988507,Paris
Gusty winds and light cloud,7,7,45,66,41,78,2023-12-28,27,Low chance of precipitation,1013,9,49,12:00,1,Good,7,Light Cloud,Gusty winds from the south west,SW,SW,South Westerly,27,17,2023-12-21T22:40:00+01:00,2023-12-22T09:00:43.589+01:00,2988507,Paris
Light rain showers and a moderate breeze,10,8,46,61,38,75,2023-12-28,31,Chance of precipitation,1012,10,50,13:00,1,Good,10,Light Rain Showers,A moderate breeze from the south west,SW,SW,South Westerly,27,17,2023-12-21T22:40:00+01:00,2023-12-22T09:00:43.589+01:00,2988507,Paris
Light rain showers and a moderate breeze,10,8,47,62,38,73,2023-12-28,57,Chance of precipitation,1012,10,51,14:00,1,Good,10,Light Rain Showers,A moderate breeze from the south west,SW,SW,South Westerly,27,17,2023-12-21T22:40:00+01:00,2023-12-22T09:00:43.589+01:00,2988507,Paris
Light rain showers and a moderate breeze,10,8,47,63,39,72,2023-12-28,53,Chance of precipitation,1011,10,51,15:00,1,Good,10,Light Rain Showers,A moderate breeze from the west south west,WSW,WSW,West South Westerly,27,17,2023-12-21T22:40:00+01:00,2023-12-22T09:00:43.589+01:00,2988507,Paris
Light rain showers and a moderate breeze,10,8,47,63,39,71,2023-12-28,54,Chance of precipitation,1011,10,51,16:00,1,Good,10,Light Rain Showers,A moderate breeze from the south west,SW,SW,South Westerly,26,16,2023-12-21T22:40:00+01:00,2023-12-22T09:00:43.589+01:00,2988507,Paris
Light rain showers and a moderate breeze,10,7,45,61,38,73,2023-12-28,70,Chance of precipitation,1010,10,50,17:00,1,Good,10,Light Rain Showers,A moderate breeze from the west south west,WSW,WSW,West South Westerly,25,16,2023-12-21T22:40:00+01:00,2023-12-22T09:00:43.589+01:00,2988507,Paris
Light rain showers and a moderate breeze,9,7,45,59,37,75,2023-12-28,70,Chance of precipitation,1010,9,49,18:00,1,Good,9,Light Rain Showers,A moderate breeze from the west south west,WSW,WSW,West South Westerly,24,15,2023-12-21T22:40:00+01:00,2023-12-22T09:00:43.589+01:00,2988507,Paris
Light rain showers and a moderate breeze,9,7,44,57,35,76,2023-12-28,70,Chance of precipitation,1010,9,49,19:00,1,Good,9,Light Rain Showers,A moderate breeze from the west south west,WSW,WSW,West South Westerly,24,15,2023-12-21T22:40:00+01:00,2023-12-22T09:00:43.589+01:00,2988507,Paris
Light rain and a moderate breeze,39,7,44,56,35,77,2023-12-28,70,Chance of precipitation,1010,9,48,20:00,1,Good,12,Light Rain,A moderate breeze from the west south west,WSW,WSW,West South Westerly,23,14,2023-12-21T22:40:00+01:00,2023-12-22T09:00:43.589+01:00,2988507,Paris
Light rain and a moderate breeze,39,6,43,51,32,78,2023-12-28,70,Chance of precipitation,1011,9,47,21:00,1,Good,12,Light Rain,A moderate breeze from the west south west,WSW,WSW,West South Westerly,22,14,2023-12-21T22:40:00+01:00,2023-12-22T09:00:43.589+01:00,2988507,Paris
Light rain and a moderate breeze,39,6,43,50,31,79,2023-12-28,70,Chance of precipitation,1011,8,47,22:00,1,Good,12,Light Rain,A moderate breeze from the west south west,WSW,WSW,West South Westerly,21,13,2023-12-21T22:40:00+01:00,2023-12-22T09:00:43.589+01:00,2988507,Paris
Drizzle and a moderate breeze,38,6,42,49,30,80,2023-12-28,32,Chance of precipitation,1011,8,47,23:00,1,Good,11,Drizzle,A moderate breeze from the west,W,W,Westerly,20,13,2023-12-21T22:40:00+01:00,2023-12-22T09:00:43.589+01:00,2988507,Paris
Drizzle and a gentle breeze,38,5,42,45,28,80,2023-12-29,32,Chance of precipitation,1011,8,46,00:00,1,Good,11,Drizzle,A gentle breeze from the west,W,W,Westerly,19,12,2023-12-21T22:40:00+01:00,2023-12-22T09:00:43.589+01:00,2988507,Paris
Drizzle and a gentle breeze,38,5,42,45,28,81,2023-12-29,32,Chance of precipitation,1011,8,46,01:00,1,Good,11,Drizzle,A gentle breeze from the west,W,W,Westerly,18,11,2023-12-21T22:40:00+01:00,2023-12-22T09:00:43.589+01:00,2988507,Paris
Light cloud and a gentle breeze,36,5,41,45,28,81,2023-12-29,0,Precipitation is not expected,1011,8,46,02:00,1,Good,7,Light Cloud,A gentle breeze from the west south west,WSW,WSW,West South Westerly,18,11,2023-12-21T22:40:00+01:00,2023-12-22T09:00:43.589+01:00,2988507,Paris
Light cloud and a gentle breeze,36,5,41,42,26,81,2023-12-29,0,Precipitation is not expected,1011,7,45,03:00,1,Good,7,Light Cloud,A gentle breeze from the west south west,WSW,WSW,West South Westerly,18,11,2023-12-21T22:40:00+01:00,2023-12-22T09:00:43.589+01:00,2988507,Paris
Partly cloudy and a gentle breeze,2,5,41,39,24,82,2023-12-29,0,Precipitation is not expected,1010,7,45,04:00,1,Good,2,Partly Cloudy,A gentle breeze from the west south west,WSW,WSW,West South Westerly,17,11,2023-12-21T22:40:00+01:00,2023-12-22T09:00:43.589+01:00,2988507,Paris
Light cloud and a gentle breeze,36,5,40,37,23,84,2023-12-29,27,Low chance of precipitation,1010,7,45,05:00,1,Good,7,Light Cloud,A gentle breeze from the west south west,WSW,WSW,West South Westerly,16,10,2023-12-21T22:40:00+01:00,2023-12-22T09:00:43.589+01:00,2988507,Paris
Light rain showers and a gentle breeze,9,4,40,38,24,85,2023-12-29,34,Chance of precipitation,1010,7,44,06:00,1,Good,9,Light Rain Showers,A gentle breeze from the south west,SW,SW,South Westerly,15,9,2023-12-21T22:40:00+01:00,2023-12-22T09:00:43.589+01:00,2988507,Paris
Light rain showers and a gentle breeze,9,4,40,40,25,85,2023-12-29,34,Chance of precipitation,1009,7,44,07:00,1,Good,9,Light Rain Showers,A gentle breeze from the south west,SW,SW,South Westerly,15,9,2023-12-21T22:40:00+01:00,2023-12-22T09:00:43.589+01:00,2988507,Paris
Drizzle and a gentle breeze,38,4,39,42,26,85,2023-12-29,32,Chance of precipitation,1009,7,44,08:00,1,Good,11,Drizzle,A gentle breeze from the south west,SW,SW,South Westerly,16,10,2023-12-21T22:40:00+01:00,2023-12-22T09:00:43.589+01:00,2988507,Paris
Drizzle and a gentle breeze,11,4,39,42,26,85,2023-12-29,32,Chance of precipitation,1009,7,44,09:00,1,Good,11,Drizzle,A gentle breeze from the south south west,SSW,SSW,South South Westerly,17,10,2023-12-21T22:40:00+01:00,2023-12-22T09:00:43.589+01:00,2988507,Paris
Drizzle and a gentle breeze,11,4,40,44,27,84,2023-12-29,32,Chance of precipitation,1009,7,44,10:00,1,Good,11,Drizzle,A gentle breeze from the south south west,SSW,SSW,South South Westerly,17,10,2023-12-21T22:40:00+01:00,2023-12-22T09:00:43.589+01:00,2988507,Paris
Light cloud and a gentle breeze,7,5,41,45,28,82,2023-12-29,0,Precipitation is not expected,1009,7,45,11:00,1,Good,7,Light Cloud,A gentle breeze from the south west,SW,SW,South Westerly,17,11,2023-12-21T22:40:00+01:00,2023-12-22T09:00:43.589+01:00,2988507,Paris
Light cloud and a gentle breeze,7,5,42,45,28,79,2023-12-29,0,Precipitation is not expected,1009,8,46,12:00,1,Good,7,Light Cloud,A gentle breeze from the south south west,SSW,SSW,South South Westerly,18,11,2023-12-21T22:40:00+01:00,2023-12-22T09:00:43.589+01:00,2988507,Paris
Light cloud and a gentle breeze,7,6,43,44,27,77,2023-12-29,0,Precipitation is not expected,1008,9,47,13:00,1,Good,7,Light Cloud,A gentle breeze from the south west,SW,SW,South Westerly,18,11,2023-12-21T22:40:00+01:00,2023-12-22T09:00:43.589+01:00,2988507,Paris
Light rain and a gentle breeze,12,7,44,42,26,75,2023-12-29,36,Chance of precipitation,1008,9,48,14:00,1,Good,12,Light Rain,A gentle breeze from the south west,SW,SW,South Westerly,18,11,2023-12-21T22:40:00+01:00,2023-12-22T09:00:43.589+01:00,2988507,Paris
Light rain and a gentle breeze,12,7,44,40,25,75,2023-12-29,36,Chance of precipitation,1008,9,48,15:00,1,Good,12,Light Rain,A gentle breeze from the south west,SW,SW,South Westerly,17,11,2023-12-21T22:40:00+01:00,2023-12-22T09:00:43.589+01:00,2988507,Paris
Light rain and a gentle breeze,12,7,44,38,24,75,2023-12-29,36,Chance of precipitation,1007,9,47,16:00,1,Good,12,Light Rain,A gentle breeze from the south south west,SSW,SSW,South South Westerly,16,10,2023-12-21T22:40:00+01:00,2023-12-22T09:00:43.589+01:00,2988507,Paris
Light rain and a gentle breeze,12,6,42,39,24,78,2023-12-29,37,Chance of precipitation,1007,8,46,17:00,1,Good,12,Light Rain,A gentle breeze from the south west,SW,SW,South Westerly,15,9,2023-12-21T22:40:00+01:00,2023-12-22T09:00:43.589+01:00,2988507,Paris
Light rain and a gentle breeze,39,5,41,38,24,80,2023-12-29,37,Chance of precipitation,1007,7,45,18:00,1,Good,12,Light Rain,A gentle breeze from the south west,SW,SW,South Westerly,16,10,2023-12-21T22:40:00+01:00,2023-12-22T09:00:43.589+01:00,2988507,Paris
Light rain and a gentle breeze,39,4,40,39,24,82,2023-12-29,37,Chance of precipitation,1006,7,44,19:00,1,Good,12,Light Rain,A gentle breeze from the south south west,SSW,SSW,South South Westerly,16,10,2023-12-21T22:40:00+01:00,2023-12-22T09:00:43.589+01:00,2988507,Paris
Drizzle and a gentle breeze,38,4,40,41,25,82,2023-12-29,31,Chance of precipitation,1006,7,44,20:00,1,Good,11,Drizzle,A gentle breeze from the south south west,SSW,SSW,South South Westerly,16,10,2023-12-21T22:40:00+01:00,2023-12-22T09:00:43.589+01:00,2988507,Paris
Drizzle and a gentle breeze,38,5,40,40,25,80,2023-12-29,31,Chance of precipitation,1006,7,45,21:00,1,Good,11,Drizzle,A gentle breeze from the south west,SW,SW,South Westerly,16,10,2023-12-21T22:40:00+01:00,2023-12-22T09:00:43.589+01:00,2988507,Paris
Drizzle and a gentle breeze,38,4,40,40,25,82,2023-12-29,31,Chance of precipitation,1006,7,44,22:00,1,Good,11,Drizzle,A gentle breeze from the south south west,SSW,SSW,South South Westerly,16,10,2023-12-21T22:40:00+01:00,2023-12-22T09:00:43.589+01:00,2988507,Paris
Partly cloudy and a gentle breeze,2,4,39,40,25,82,2023-12-29,12,Low chance of precipitation,1006,7,44,23:00,1,Good,2,Partly Cloudy,A gentle breeze from the south south west,SSW,SSW,South South Westerly,17,10,2023-12-21T22:40:00+01:00,2023-12-22T09:00:43.589+01:00,2988507,Paris
Partly cloudy and a gentle breeze,2,4,39,40,25,82,2023-12-30,12,Low chance of precipitation,1005,7,44,00:00,1,Good,2,Partly Cloudy,A gentle breeze from the south south west,SSW,SSW,South South Westerly,16,10,2023-12-21T22:40:00+01:00,2023-12-22T09:00:43.589+01:00,2988507,Paris
Partly cloudy and a gentle breeze,2,4,39,42,26,82,2023-12-30,12,Low chance of precipitation,1005,7,44,01:00,1,Good,2,Partly Cloudy,A gentle breeze from the south west,SW,SW,South Westerly,16,10,2023-12-21T22:40:00+01:00,2023-12-22T09:00:43.589+01:00,2988507,Paris
Light rain showers and a gentle breeze,9,3,38,44,27,82,2023-12-30,23,Low chance of precipitation,1005,6,43,02:00,1,Good,9,Light Rain Showers,A gentle breeze from the south south west,SSW,SSW,South South Westerly,17,10,2023-12-21T22:40:00+01:00,2023-12-22T09:00:43.589+01:00,2988507,Paris
Light rain showers and a gentle breeze,9,3,38,44,28,82,2023-12-30,23,Low chance of precipitation,1004,6,43,03:00,1,Good,9,Light Rain Showers,A gentle breeze from the south west,SW,SW,South Westerly,18,11,2023-12-21T22:40:00+01:00,2023-12-22T09:00:43.589+01:00,2988507,Paris
Light rain and a gentle breeze,39,3,38,44,28,82,2023-12-30,23,Low chance of precipitation,1004,6,43,04:00,1,Good,12,Light Rain,A gentle breeze from the south west,SW,SW,South Westerly,18,11,2023-12-21T22:40:00+01:00,2023-12-22T09:00:43.589+01:00,2988507,Paris
Light rain and a gentle breeze,39,3,37,44,27,82,2023-12-30,44,Chance of precipitation,1004,6,43,05:00,1,Good,12,Light Rain,A gentle breeze from the south south west,SSW,SSW,South South Westerly,18,11,2023-12-21T22:40:00+01:00,2023-12-22T09:00:43.589+01:00,2988507,Paris
Light rain and a gentle breeze,39,3,37,45,28,82,2023-12-30,44,Chance of precipitation,1004,6,43,06:00,1,Good,12,Light Rain,A gentle breeze from the south south west,SSW,SSW,South South Westerly,18,11,2023-12-22T09:00:43+01:00,2023-12-22T09:00:43.589+01:00,2988507,Paris
Light rain and a gentle breeze,39,3,37,47,29,82,2023-12-30,44,Chance of precipitation,1004,6,43,07:00,1,Good,12,Light Rain,A gentle breeze from the south west,SW,SW,South Westerly,18,11,2023-12-22T09:00:43+01:00,2023-12-22T09:00:43.589+01:00,2988507,Paris
Light rain showers and a gentle breeze,9,3,37,48,30,82,2023-12-30,45,Chance of precipitation,1004,6,43,08:00,1,Good,9,Light Rain Showers,A gentle breeze from the south west,SW,SW,South Westerly,19,12,2023-12-22T09:00:43+01:00,2023-12-22T09:00:43.589+01:00,2988507,Paris
Light rain showers and a gentle breeze,10,3,37,49,31,83,2023-12-30,45,Chance of precipitation,1005,6,43,09:00,1,Good,10,Light Rain Showers,A gentle breeze from the south west,SW,SW,South Westerly,19,12,2023-12-22T09:00:43+01:00,2023-12-22T09:00:43.589+01:00,2988507,Paris
Light rain showers and a gentle breeze,10,3,37,52,32,82,2023-12-30,44,Chance of precipitation,1005,6,43,10:00,1,Good,10,Light Rain Showers,A gentle breeze from the south south west,SSW,SSW,South South Westerly,20,12,2023-12-22T09:00:43+01:00,2023-12-22T09:00:43.589+01:00,2988507,Paris
Light cloud and a moderate breeze,7,3,38,53,33,79,2023-12-30,29,Low chance of precipitation,1005,7,44,11:00,1,Good,7,Light Cloud,A moderate breeze from the south south west,SSW,SSW,South South Westerly,21,13,2023-12-22T09:00:43+01:00,2023-12-22T09:00:43.589+01:00,2988507,Paris
Light cloud and a moderate breeze,7,4,39,54,33,76,2023-12-30,29,Low chance of precipitation,1005,7,45,12:00,1,Good,7,Light Cloud,A moderate breeze from the south west,SW,SW,South Westerly,21,13,2023-12-22T09:00:43+01:00,2023-12-22T09:00:43.589+01:00,2988507,Paris
Light cloud and a moderate breeze,7,5,41,52,32,72,2023-12-30,28,Low chance of precipitation,1005,8,46,13:00,1,Good,7,Light Cloud,A moderate breeze from the south west,SW,SW,South Westerly,22,14,2023-12-22T09:00:43+01:00,2023-12-22T09:00:43.589+01:00,2988507,Paris
Light cloud and a moderate breeze,7,5,41,50,31,71,2023-12-30,15,Low chance of precipitation,1005,8,46,14:00,1,Good,7,Light Cloud,A moderate breeze from the south west,SW,SW,South Westerly,21,13,2023-12-22T09:00:43+01:00,2023-12-22T09:00:43.589+01:00,2988507,Paris
Light cloud and a moderate breeze,7,5,42,48,30,71,2023-12-30,16,Low chance of precipitation,1005,8,46,15:00,1,Good,7,Light Cloud,A moderate breeze from the south west,SW,SW,South Westerly,20,13,2023-12-22T09:00:43+01:00,2023-12-22T09:00:43.589+01:00,2988507,Paris
Light cloud and a gentle breeze,7,5,42,42,26,72,2023-12-30,16,Low chance of precipitation,1005,8,46,16:00,1,Good,7,Light Cloud,A gentle breeze from the south west,SW,SW,South Westerly,19,12,2023-12-22T09:00:43+01:00,2023-12-22T09:00:43.589+01:00,2988507,Paris
Light rain showers and a gentle breeze,10,5,41,42,26,74,2023-12-30,47,Chance of precipitation,1005,7,45,17:00,1,Good,10,Light Rain Showers,A gentle breeze from the south west,SW,SW,South Westerly,17,11,2023-12-22T09:00:43+01:00,2023-12-22T09:00:43.589+01:00,2988507,Paris
Light rain showers and a gentle breeze,9,4,40,40,25,77,2023-12-30,48,Chance of precipitation,1005,7,44,18:00,1,Good,9,Light Rain Showers,A gentle breeze from the south west,SW,SW,South Westerly,17,11,2023-12-22T09:00:43+01:00,2023-12-22T09:00:43.589+01:00,2988507,Paris
Light rain showers and a gentle breeze,9,4,39,38,24,79,2023-12-30,49,Chance of precipitation,1006,7,44,19:00,1,Good,9,Light Rain Showers,A gentle breeze from the west south west,WSW,WSW,West South Westerly,16,10,2023-12-22T09:00:43+01:00,2023-12-22T09:00:43.589+01:00,2988507,Paris
Light rain showers and a gentle breeze,9,4,39,39,24,81,2023-12-30,31,Chance of precipitation,1006,6,43,20:00,1,Good,9,Light Rain Showers,A gentle breeze from the south west,SW,SW,South Westerly,15,9,2023-12-22T09:00:43+01:00,2023-12-22T09:00:43.589+01:00,2988507,Paris
Light rain showers and a gentle breeze,9,3,38,36,22,83,2023-12-30,20,Low chance of precipitation,1006,6,43,21:00,1,Good,9,Light Rain Showers,A gentle breeze from the south west,SW,SW,South Westerly,16,10,2023-12-22T09:00:43+01:00,2023-12-22T09:00:43.589+01:00,2988507,Paris
Light rain showers and a gentle breeze,9,3,38,38,24,83,2023-12-30,18,Low chance of precipitation,1006,6,43,22:00,1,Good,9,Light Rain Showers,A gentle breeze from the west south west,WSW,WSW,West South Westerly,14,9,2023-12-22T09:00:43+01:00,2023-12-22T09:00:43.589+01:00,2988507,Paris
Partly cloudy and a gentle breeze,2,3,38,38,24,84,2023-12-30,0,Precipitation is not expected,1007,6,43,23:00,1,Good,2,Partly Cloudy,A gentle breeze from the west south west,WSW,WSW,West South Westerly,15,9,2023-12-22T09:00:43+01:00,2023-12-22T09:00:43.589+01:00,2988507,Paris
Partly cloudy and a gentle breeze,2,3,38,38,24,84,2023-12-31,0,Precipitation is not expected,1007,6,43,00:00,1,Good,2,Partly Cloudy,A gentle breeze from the west south west,WSW,WSW,West South Westerly,15,9,2023-12-22T09:00:43+01:00,2023-12-22T09:00:43.589+01:00,2988507,Paris
Partly cloudy and a gentle breeze,2,3,37,39,24,84,2023-12-31,0,Precipitation is not expected,1007,6,42,01:00,1,Good,2,Partly Cloudy,A gentle breeze from the west south west,WSW,WSW,West South Westerly,15,9,2023-12-22T09:00:43+01:00,2023-12-22T09:00:43.589+01:00,2988507,Paris
Light rain and a gentle breeze,39,3,37,41,25,85,2023-12-31,50,Chance of precipitation,1007,6,42,02:00,1,Good,12,Light Rain,A gentle breeze from the west south west,WSW,WSW,West South Westerly,16,10,2023-12-22T09:00:43+01:00,2023-12-22T09:00:43.589+01:00,2988507,Paris
Light rain and a gentle breeze,39,3,37,40,25,85,2023-12-31,50,Chance of precipitation,1007,6,42,03:00,1,Good,12,Light Rain,A gentle breeze from the west south west,WSW,WSW,West South Westerly,16,10,2023-12-22T09:00:43+01:00,2023-12-22T09:00:43.589+01:00,2988507,Paris
Light rain and a gentle breeze,39,3,37,40,25,86,2023-12-31,50,Chance of precipitation,1007,6,42,04:00,1,Moderate,12,Light Rain,A gentle breeze from the west south west,WSW,WSW,West South Westerly,16,10,2023-12-22T09:00:43+01:00,2023-12-22T09:00:43.589+01:00,2988507,Paris
Light rain and a gentle breeze,39,3,37,40,25,86,2023-12-31,55,Chance of precipitation,1007,5,42,05:00,1,Moderate,12,Light Rain,A gentle breeze from the west south west,WSW,WSW,West South Westerly,16,10,2023-12-22T09:00:43+01:00,2023-12-22T09:00:43.589+01:00,2988507,Paris
Light rain and a gentle breeze,39,2,36,42,26,87,2023-12-31,55,Chance of precipitation,1007,5,42,06:00,1,Moderate,12,Light Rain,A gentle breeze from the south west,SW,SW,South Westerly,16,10,2023-12-22T09:00:43+01:00,2023-12-22T09:00:43.589+01:00,2988507,Paris
Light rain and a gentle breeze,39,2,36,45,28,86,2023-12-31,55,Chance of precipitation,1007,5,42,07:00,1,Good,12,Light Rain,A gentle breeze from the west south west,WSW,WSW,West South Westerly,17,11,2023-12-22T09:00:43+01:00,2023-12-22T09:00:43.589+01:00,2988507,Paris
Light rain showers and a gentle breeze,9,2,36,46,29,86,2023-12-31,37,Chance of precipitation,1008,5,42,08:00,1,Good,9,Light Rain Showers,A gentle breeze from the south west,SW,SW,South Westerly,18,11,2023-12-22T09:00:43+01:00,2023-12-22T09:00:43.589+01:00,2988507,Paris
Light rain showers and a gentle breeze,10,2,36,47,29,86,2023-12-31,37,Chance of precipitation,1009,5,42,09:00,1,Good,10,Light Rain Showers,A gentle breeze from the west,W,W,Westerly,18,11,2023-12-22T09:00:43+01:00,2023-12-22T09:00:43.589+01:00,2988507,Paris
Light rain showers and a gentle breeze,10,3,36,47,29,85,2023-12-31,37,Chance of precipitation,1009,6,42,10:00,1,Good,10,Light Rain Showers,A gentle breeze from the west south west,WSW,WSW,West South Westerly,18,11,2023-12-22T09:00:43+01:00,2023-12-22T09:00:43.589+01:00,2988507,Paris
Light cloud and a gentle breeze,7,3,38,47,29,83,2023-12-31,0,Precipitation is not expected,1009,6,43,11:00,1,Good,7,Light Cloud,A gentle breeze from the west south west,WSW,WSW,West South Westerly,19,12,2023-12-22T09:00:43+01:00,2023-12-22T09:00:43.589+01:00,2988507,Paris
Light cloud and a gentle breeze,7,4,39,45,28,81,2023-12-31,0,Precipitation is not expected,1010,7,44,12:00,1,Good,7,Light Cloud,A gentle breeze from the west south west,WSW,WSW,West South Westerly,19,12,2023-12-22T09:00:43+01:00,2023-12-22T09:00:43.589+01:00,2988507,Paris
Light cloud and a gentle breeze,7,5,40,44,27,79,2023-12-31,0,Precipitation is not expected,1010,7,45,13:00,1,Good,7,Light Cloud,A gentle breeze from the west south west,WSW,WSW,West South Westerly,18,11,2023-12-22T09:00:43+01:00,2023-12-22T09:00:43.589+01:00,2988507,Paris
Light cloud and a gentle breeze,7,5,41,42,26,77,2023-12-31,7,Low chance of precipitation,1010,7,45,14:00,1,Good,7,Light Cloud,A gentle breeze from the west south west,WSW,WSW,West South Westerly,18,11,2023-12-22T09:00:43+01:00,2023-12-22T09:00:43.589+01:00,2988507,Paris
Light cloud and a gentle breeze,7,5,41,40,25,76,2023-12-31,6,Low chance of precipitation,1010,8,46,15:00,1,Good,7,Light Cloud,A gentle breeze from the west,W,W,Westerly,17,11,2023-12-22T09:00:43+01:00,2023-12-22T09:00:43.589+01:00,2988507,Paris
Light cloud and a gentle breeze,7,5,42,38,24,75,2023-12-31,6,Low chance of precipitation,1010,8,46,16:00,1,Good,7,Light Cloud,A gentle breeze from the west south west,WSW,WSW,West South Westerly,16,10,2023-12-22T09:00:43+01:00,2023-12-22T09:00:43.589+01:00,2988507,Paris
Sunny intervals and a gentle breeze,3,5,41,38,24,77,2023-12-31,15,Low chance of precipitation,1010,7,45,17:00,1,Good,3,Sunny Intervals,A gentle breeze from the west south west,WSW,WSW,West South Westerly,15,9,2023-12-22T09:00:43+01:00,2023-12-22T09:00:43.589+01:00,2988507,Paris
Partly cloudy and a gentle breeze,2,4,40,36,23,79,2023-12-31,21,Low chance of precipitation,1010,7,44,18:00,1,Good,2,Partly Cloudy,A gentle breeze from the west,W,W,Westerly,15,9,2023-12-22T09:00:43+01:00,2023-12-22T09:00:43.589+01:00,2988507,Paris
Partly cloudy and a gentle breeze,2,4,39,36,22,81,2023-12-31,28,Low chance of precipitation,1010,6,43,19:00,1,Good,2,Partly Cloudy,A gentle breeze from the west south west,WSW,WSW,West South Westerly,14,9,2023-12-22T09:00:43+01:00,2023-12-22T09:00:43.589+01:00,2988507,Paris
Drizzle and a gentle breeze,38,4,39,35,22,82,2023-12-31,46,Chance of precipitation,1011,6,43,20:00,1,Good,11,Drizzle,A gentle breeze from the west,W,W,Westerly,14,9,2023-12-22T09:00:43+01:00,2023-12-22T09:00:43.589+01:00,2988507,Paris
Drizzle and a gentle breeze,38,4,39,34,21,83,2023-12-31,46,Chance of precipitation,1011,6,43,21:00,1,Good,11,Drizzle,A gentle breeze from the west,W,W,Westerly,14,9,2023-12-22T09:00:43+01:00,2023-12-22T09:00:43.589+01:00,2988507,Paris
Drizzle and a gentle breeze,38,3,38,36,22,85,2023-12-31,46,Chance of precipitation,1011,6,43,22:00,1,Good,11,Drizzle,A gentle breeze from the west south west,WSW,WSW,West South Westerly,14,9,2023-12-22T09:00:43+01:00,2023-12-22T09:00:43.589+01:00,2988507,Paris
Drizzle and a gentle breeze,38,3,38,36,22,86,2023-12-31,44,Chance of precipitation,1011,6,43,23:00,1,Good,11,Drizzle,A gentle breeze from the west south west,WSW,WSW,West South Westerly,14,9,2023-12-22T09:00:43+01:00,2023-12-22T09:00:43.589+01:00,2988507,Paris
Drizzle and a gentle breeze,38,3,38,35,22,87,2024-01-01,44,Chance of precipitation,1011,6,43,00:00,1,Good,11,Drizzle,A gentle breeze from the west,W,W,Westerly,14,9,2023-12-22T09:00:43+01:00,2023-12-22T09:00:43.589+01:00,2988507,Paris
Drizzle and a gentle breeze,38,3,38,35,22,87,2024-01-01,44,Chance of precipitation,1011,6,43,01:00,1,Good,11,Drizzle,A gentle breeze from the west,W,W,Westerly,14,9,2023-12-22T09:00:43+01:00,2023-12-22T09:00:43.589+01:00,2988507,Paris
Light cloud and a gentle breeze,36,3,38,36,22,87,2024-01-01,0,Precipitation is not expected,1011,6,42,02:00,1,Good,7,Light Cloud,A gentle breeze from the west,W,W,Westerly,14,9,2023-12-22T09:00:43+01:00,2023-12-22T09:00:43.589+01:00,2988507,Paris
Light cloud and a gentle breeze,36,3,37,36,22,87,2024-01-01,0,Precipitation is not expected,1011,6,42,03:00,1,Good,7,Light Cloud,A gentle breeze from the west north west,WNW,WNW,West North Westerly,14,9,2023-12-22T09:00:43+01:00,2023-12-22T09:00:43.589+01:00,2988507,Paris
Light cloud and a gentle breeze,36,3,38,34,21,88,2024-01-01,0,Precipitation is not expected,1011,6,42,04:00,1,Good,7,Light Cloud,A gentle breeze from the west north west,WNW,WNW,West North Westerly,14,9,2023-12-22T09:00:43+01:00,2023-12-22T09:00:43.589+01:00,2988507,Paris
Light cloud and a gentle breeze,36,3,37,33,20,88,2024-01-01,0,Precipitation is not expected,1011,5,42,05:00,1,Good,7,Light Cloud,A gentle breeze from the west,W,W,Westerly,14,9,2023-12-22T09:00:43+01:00,2023-12-22T09:00:43.589+01:00,2988507,Paris
Light cloud and a gentle breeze,36,3,37,32,20,89,2024-01-01,0,Precipitation is not expected,1012,5,42,06:00,1,Good,7,Light Cloud,A gentle breeze from the west north west,WNW,WNW,West North Westerly,13,8,2023-12-22T09:00:43+01:00,2023-12-22T09:00:43.589+01:00,2988507,Paris
Light cloud and a gentle breeze,36,3,37,32,20,90,2024-01-01,0,Precipitation is not expected,1012,5,42,07:00,1,Good,7,Light Cloud,A gentle breeze from the west,W,W,Westerly,13,8,2023-12-22T09:00:43+01:00,2023-12-22T09:00:43.589+01:00,2988507,Paris
Light cloud and a gentle breeze,36,3,37,27,17,90,2024-01-01,17,Low chance of precipitation,1012,5,41,08:00,1,Good,7,Light Cloud,A gentle breeze from the west,W,W,Westerly,13,8,2023-12-22T09:00:43+01:00,2023-12-22T09:00:43.589+01:00,2988507,Paris
Light cloud and a gentle breeze,7,3,37,22,14,92,2024-01-01,17,Low chance of precipitation,1012,5,41,09:00,1,Good,7,Light Cloud,A gentle breeze from the west,W,W,Westerly,13,8,2023-12-22T09:00:43+01:00,2023-12-22T09:00:43.589+01:00,2988507,Paris
Sunny intervals and a gentle breeze,3,3,37,27,17,93,2024-01-01,17,Low chance of precipitation,1013,5,42,10:00,1,Good,3,Sunny Intervals,A gentle breeze from the west,W,W,Westerly,13,8,2023-12-22T09:00:43+01:00,2023-12-22T09:00:43.589+01:00,2988507,Paris
Light cloud and a gentle breeze,7,4,39,31,19,90,2024-01-01,22,Low chance of precipitation,1013,6,43,11:00,1,Good,7,Light Cloud,A gentle breeze from the west south west,WSW,WSW,West South Westerly,14,9,2023-12-22T09:00:43+01:00,2023-12-22T09:00:43.589+01:00,2988507,Paris
Light cloud and a gentle breeze,7,4,40,36,22,87,2024-01-01,22,Low chance of precipitation,1013,7,44,12:00,1,Good,7,Light Cloud,A gentle breeze from the west south west,WSW,WSW,West South Westerly,15,9,2023-12-22T09:00:43+01:00,2023-12-22T09:00:43.589+01:00,2988507,Paris
Thick cloud and a gentle breeze,8,5,41,36,22,84,2024-01-01,22,Low chance of precipitation,1013,7,45,13:00,1,Good,8,Thick Cloud,A gentle breeze from the west,W,W,Westerly,15,9,2023-12-22T09:00:43+01:00,2023-12-22T09:00:43.589+01:00,2988507,Paris
Thick cloud and a gentle breeze,8,6,42,36,22,81,2024-01-01,19,Low chance of precipitation,1013,8,46,14:00,1,Good,8,Thick Cloud,A gentle breeze from the west,W,W,Westerly,14,9,2023-12-22T09:00:43+01:00,2023-12-22T09:00:43.589+01:00,2988507,Paris
Thick cloud and a gentle breeze,8,6,43,35,22,80,2024-01-01,11,Low chance of precipitation,1013,8,46,15:00,1,Good,8,Thick Cloud,A gentle breeze from the west,W,W,Westerly,14,9,2023-12-22T09:00:43+01:00,2023-12-22T09:00:43.589+01:00,2988507,Paris
Light cloud and a gentle breeze,7,6,43,34,21,79,2024-01-01,19,Low chance of precipitation,1013,8,46,16:00,1,Good,7,Light Cloud,A gentle breeze from the west south west,WSW,WSW,West South Westerly,14,9,2023-12-22T09:00:43+01:00,2023-12-22T09:00:43.589+01:00,2988507,Paris
Light cloud and a gentle breeze,7,5,42,36,22,81,2024-01-01,19,Low chance of precipitation,1014,7,45,17:00,1,Good,7,Light Cloud,A gentle breeze from the west south west,WSW,WSW,West South Westerly,13,8,2023-12-22T09:00:43+01:00,2023-12-22T09:00:43.589+01:00,2988507,Paris
Partly cloudy and a gentle breeze,2,5,41,36,22,82,2024-01-01,19,Low chance of precipitation,1014,7,45,18:00,1,Good,2,Partly Cloudy,A gentle breeze from the west south west,WSW,WSW,West South Westerly,14,9,2023-12-22T09:00:43+01:00,2023-12-22T09:00:43.589+01:00,2988507,Paris
Partly cloudy and a gentle breeze,2,5,40,36,23,84,2024-01-01,19,Low chance of precipitation,1014,7,44,19:00,1,Moderate,2,Partly Cloudy,A gentle breeze from the west south west,WSW,WSW,West South Westerly,14,9,2023-12-22T09:00:43+01:00,2023-12-22T09:00:43.589+01:00,2988507,Paris
Light rain and a gentle breeze,39,4,40,38,24,85,2024-01-01,62,Chance of precipitation,1014,7,44,20:00,1,Moderate,12,Light Rain,A gentle breeze from the west south west,WSW,WSW,West South Westerly,14,9,2023-12-22T09:00:43+01:00,2023-12-22T09:00:43.589+01:00,2988507,Paris
Light rain showers and a gentle breeze,9,4,39,37,23,86,2024-01-01,62,Chance of precipitation,1014,7,44,21:00,1,Moderate,9,Light Rain Showers,A gentle breeze from the west south west,WSW,WSW,West South Westerly,15,9,2023-12-22T09:00:43+01:00,2023-12-22T09:00:43.589+01:00,2988507,Paris
Light rain showers and a gentle breeze,9,4,39,37,23,87,2024-01-01,62,Chance of precipitation,1015,7,44,22:00,1,Moderate,9,Light Rain Showers,A gentle breeze from the south west,SW,SW,South Westerly,15,9,2023-12-22T09:00:43+01:00,2023-12-22T09:00:43.589+01:00,2988507,Paris
Light rain showers and a gentle breeze,9,4,39,37,23,87,2024-01-01,62,Chance of precipitation,1015,6,43,23:00,1,Moderate,9,Light Rain Showers,A gentle breeze from the south west,SW,SW,South Westerly,15,9,2023-12-22T09:00:43+01:00,2023-12-22T09:00:43.589+01:00,2988507,Paris
Light rain and a gentle breeze,39,4,39,36,22,87,2024-01-02,62,Chance of precipitation,1015,7,44,00:00,1,Moderate,12,Light Rain,A gentle breeze from the west south west,WSW,WSW,West South Westerly,15,9,2023-12-22T09:00:43+01:00,2023-12-22T09:00:43.589+01:00,2988507,Paris
Light rain and a gentle breeze,39,4,39,37,23,87,2024-01-02,62,Chance of precipitation,1015,6,43,01:00,1,Good,12,Light Rain,A gentle breeze from the south west,SW,SW,South Westerly,15,9,2023-12-22T09:00:43+01:00,2023-12-22T09:00:43.589+01:00,2988507,Paris
Light rain and a gentle breeze,39,4,39,39,24,87,2024-01-02,57,Chance of precipitation,1015,6,43,02:00,1,Good,12,Light Rain,A gentle breeze from the west south west,WSW,WSW,West South Westerly,15,9,2023-12-22T09:00:43+01:00,2023-12-22T09:00:43.589+01:00,2988507,Paris
Light rain and a gentle breeze,39,4,39,39,24,86,2024-01-02,57,Chance of precipitation,1015,6,43,03:00,1,Good,12,Light Rain,A gentle breeze from the west south west,WSW,WSW,West South Westerly,16,10,2023-12-22T09:00:43+01:00,2023-12-22T09:00:43.589+01:00,2988507,Paris
Light rain and a gentle breeze,39,4,39,41,26,86,2024-01-02,57,Chance of precipitation,1015,6,43,04:00,1,Good,12,Light Rain,A gentle breeze from the west south west,WSW,WSW,West South Westerly,16,10,2023-12-22T09:00:43+01:00,2023-12-22T09:00:43.589+01:00,2988507,Paris
Light rain and a gentle breeze,39,4,39,43,27,87,2024-01-02,45,Chance of precipitation,1015,6,43,05:00,1,Good,12,Light Rain,A gentle breeze from the west south west,WSW,WSW,West South Westerly,16,10,2023-12-22T09:00:43+01:00,2023-12-22T09:00:43.589+01:00,2988507,Paris
Light rain and a gentle breeze,39,3,38,46,28,89,2024-01-02,45,Chance of precipitation,1014,6,43,06:00,1,Good,12,Light Rain,A gentle breeze from the west,W,W,Westerly,17,11,2023-12-22T09:00:43+01:00,2023-12-22T09:00:43.589+01:00,2988507,Paris
Light rain showers and a gentle breeze,9,3,37,45,28,90,2024-01-02,45,Chance of precipitation,1014,6,43,07:00,1,Good,9,Light Rain Showers,A gentle breeze from the west,W,W,Westerly,18,11,2023-12-22T09:00:43+01:00,2023-12-22T09:00:43.589+01:00,2988507,Paris
Light rain showers and a gentle breeze,9,3,37,45,28,90,2024-01-02,42,Chance of precipitation,1014,6,43,08:00,1,Good,9,Light Rain Showers,A gentle breeze from the west,W,W,Westerly,18,11,2023-12-22T09:00:43+01:00,2023-12-22T09:00:43.589+01:00,2988507,Paris
Light rain showers and a gentle breeze,10,3,37,44,27,90,2024-01-02,38,Chance of precipitation,1014,6,43,09:00,1,Good,10,Light Rain Showers,A gentle breeze from the west,W,W,Westerly,18,11,2023-12-22T09:00:43+01:00,2023-12-22T09:00:43.589+01:00,2988507,Paris
Light rain showers and a gentle breeze,10,3,38,45,28,90,2024-01-02,36,Chance of precipitation,1014,6,43,10:00,1,Good,10,Light Rain Showers,A gentle breeze from the west south west,WSW,WSW,West South Westerly,17,11,2023-12-22T09:00:43+01:00,2023-12-22T09:00:43.589+01:00,2988507,Paris
Light rain showers and a gentle breeze,10,4,40,46,29,87,2024-01-02,65,Chance of precipitation,1014,7,44,11:00,1,Good,10,Light Rain Showers,A gentle breeze from the west south west,WSW,WSW,West South Westerly,18,11,2023-12-22T09:00:43+01:00,2023-12-22T09:00:43.589+01:00,2988507,Paris
Light rain showers and a gentle breeze,10,5,41,46,28,84,2024-01-02,65,Chance of precipitation,1014,7,45,12:00,1,Good,10,Light Rain Showers,A gentle breeze from the west south west,WSW,WSW,West South Westerly,18,11,2023-12-22T09:00:43+01:00,2023-12-22T09:00:43.589+01:00,2988507,Paris
Light rain showers and a gentle breeze,10,6,42,44,27,81,2024-01-02,65,Chance of precipitation,1014,8,46,13:00,1,Good,10,Light Rain Showers,A gentle breeze from the west south west,WSW,WSW,West South Westerly,18,11,2023-12-22T09:00:43+01:00,2023-12-22T09:00:43.589+01:00,2988507,Paris
Light rain showers and a gentle breeze,10,6,43,43,27,79,2024-01-02,50,Chance of precipitation,1014,8,47,14:00,1,Good,10,Light Rain Showers,A gentle breeze from the west south west,WSW,WSW,West South Westerly,18,11,2023-12-22T09:00:43+01:00,2023-12-22T09:00:43.589+01:00,2988507,Paris
Light rain showers and a gentle breeze,10,6,43,41,26,78,2024-01-02,50,Chance of precipitation,1013,9,47,15:00,1,Good,10,Light Rain Showers,A gentle breeze from the west south west,WSW,WSW,West South Westerly,17,11,2023-12-22T09:00:43+01:00,2023-12-22T09:00:43.589+01:00,2988507,Paris
Light rain showers and a gentle breeze,10,6,43,38,24,77,2024-01-02,46,Chance of precipitation,1013,9,47,16:00,1,Good,10,Light Rain Showers,A gentle breeze from the west south west,WSW,WSW,West South Westerly,17,10,2023-12-22T09:00:43+01:00,2023-12-22T09:00:43.589+01:00,2988507,Paris
Light cloud and a gentle breeze,7,6,43,39,24,79,2024-01-02,23,Low chance of precipitation,1013,8,46,17:00,1,Good,7,Light Cloud,A gentle breeze from the west south west,WSW,WSW,West South Westerly,15,9,2023-12-22T09:00:43+01:00,2023-12-22T09:00:43.589+01:00,2988507,Paris
Partly cloudy and a gentle breeze,2,5,41,37,23,82,2024-01-02,23,Low chance of precipitation,1013,7,45,18:00,1,Good,2,Partly Cloudy,A gentle breeze from the west south west,WSW,WSW,West South Westerly,16,10,2023-12-22T09:00:43+01:00,2023-12-22T09:00:43.589+01:00,2988507,Paris
Partly cloudy and a gentle breeze,2,5,41,38,24,84,2024-01-02,14,Low chance of precipitation,1013,7,45,19:00,1,Good,2,Partly Cloudy,A gentle breeze from the west south west,WSW,WSW,West South Westerly,15,9,2023-12-22T09:00:43+01:00,2023-12-22T09:00:43.589+01:00,2988507,Paris
Light rain showers and a gentle breeze,9,5,41,41,26,84,2024-01-02,38,Chance of precipitation,1013,7,45,20:00,1,Good,9,Light Rain Showers,A gentle breeze from the west south west,WSW,WSW,West South Westerly,15,9,2023-12-22T09:00:43+01:00,2023-12-22T09:00:43.589+01:00,2988507,Paris
Drizzle and a gentle breeze,38,4,40,40,25,85,2024-01-02,50,Chance of precipitation,1013,7,44,21:00,1,Good,11,Drizzle,A gentle breeze from the west south west,WSW,WSW,West South Westerly,17,10,2023-12-22T09:00:43+01:00,2023-12-22T09:00:43.589+01:00,2988507,Paris
Light rain showers and a gentle breeze,9,4,39,42,26,86,2024-01-02,50,Chance of precipitation,1013,7,44,22:00,1,Good,9,Light Rain Showers,A gentle breeze from the west south west,WSW,WSW,West South Westerly,16,10,2023-12-22T09:00:43+01:00,2023-12-22T09:00:43.589+01:00,2988507,Paris
Light rain and a gentle breeze,39,4,39,43,27,86,2024-01-02,60,Chance of precipitation,1013,7,44,23:00,1,Good,12,Light Rain,A gentle breeze from the west south west,WSW,WSW,West South Westerly,17,11,2023-12-22T09:00:43+01:00,2023-12-22T09:00:43.589+01:00,2988507,Paris
Light rain and a gentle breeze,39,4,39,44,28,86,2024-01-03,60,Chance of precipitation,1013,7,44,00:00,1,Good,12,Light Rain,A gentle breeze from the west south west,WSW,WSW,West South Westerly,17,11,2023-12-22T09:00:43+01:00,2023-12-22T09:00:43.589+01:00,2988507,Paris
Light rain and a gentle breeze,39,4,39,46,29,86,2024-01-03,60,Chance of precipitation,1014,7,44,01:00,1,Good,12,Light Rain,A gentle breeze from the west south west,WSW,WSW,West South Westerly,18,11,2023-12-22T09:00:43+01:00,2023-12-22T09:00:43.589+01:00,2988507,Paris
Thick cloud and a gentle breeze,37,4,39,48,30,87,2024-01-03,26,Low chance of precipitation,1014,7,44,02:00,1,Good,8,Thick Cloud,A gentle breeze from the west south west,WSW,WSW,West South Westerly,18,11,2023-12-22T09:00:43+01:00,2023-12-22T09:00:43.589+01:00,2988507,Paris
Thick cloud and a gentle breeze,37,4,39,48,30,87,2024-01-03,26,Low chance of precipitation,1014,7,44,03:00,1,Good,8,Thick Cloud,A gentle breeze from the west south west,WSW,WSW,West South Westerly,19,12,2023-12-22T09:00:43+01:00,2023-12-22T09:00:43.589+01:00,2988507,Paris
Thick cloud and a gentle breeze,37,4,39,49,30,88,2024-01-03,26,Low chance of precipitation,1014,7,44,04:00,1,Good,8,Thick Cloud,A gentle breeze from the west south west,WSW,WSW,West South Westerly,19,12,2023-12-22T09:00:43+01:00,2023-12-22T09:00:43.589+01:00,2988507,Paris
Light rain and a gentle breeze,39,4,39,49,30,88,2024-01-03,38,Chance of precipitation,1013,7,44,05:00,1,Good,12,Light Rain,A gentle breeze from the west south west,WSW,WSW,West South Westerly,19,12,2023-12-22T09:00:43+01:00,2023-12-22T09:00:43.589+01:00,2988507,Paris
Light rain and a gentle breeze,39,4,39,50,31,90,2024-01-03,38,Chance of precipitation,1013,7,44,06:00,1,Good,12,Light Rain,A gentle breeze from the west south west,WSW,WSW,West South Westerly,19,12,2023-12-22T09:00:43+01:00,2023-12-22T09:00:43.589+01:00,2988507,Paris
Light rain showers and a moderate breeze,9,4,39,51,32,90,2024-01-03,38,Chance of precipitation,1013,7,44,07:00,1,Moderate,9,Light Rain Showers,A moderate breeze from the west south west,WSW,WSW,West South Westerly,20,13,2023-12-22T09:00:43+01:00,2023-12-22T09:00:43.589+01:00,2988507,Paris
Light rain and a moderate breeze,39,4,39,51,32,89,2024-01-03,70,Chance of precipitation,1014,7,44,08:00,1,Moderate,12,Light Rain,A moderate breeze from the west south west,WSW,WSW,West South Westerly,20,13,2023-12-22T09:00:43+01:00,2023-12-22T09:00:43.589+01:00,2988507,Paris
Light rain and a moderate breeze,12,3,38,52,32,90,2024-01-03,70,Chance of precipitation,1014,7,44,09:00,1,Moderate,12,Light Rain,A moderate breeze from the west south west,WSW,WSW,West South Westerly,21,13,2023-12-22T09:00:43+01:00,2023-12-22T09:00:43.589+01:00,2988507,Paris
Light rain and a moderate breeze,12,4,39,52,32,90,2024-01-03,70,Chance of precipitation,1014,7,44,10:00,1,Good,12,Light Rain,A moderate breeze from the west south west,WSW,WSW,West South Westerly,21,13,2023-12-22T09:00:43+01:00,2023-12-22T09:00:43.589+01:00,2988507,Paris
Light rain and a moderate breeze,12,5,40,52,32,88,2024-01-03,61,Chance of precipitation,1014,7,45,11:00,1,Good,12,Light Rain,A moderate breeze from the west south west,WSW,WSW,West South Westerly,21,13,2023-12-22T09:00:43+01:00,2023-12-22T09:00:43.589+01:00,2988507,Paris
Light rain and a moderate breeze,12,5,41,50,31,85,2024-01-03,61,Chance of precipitation,1015,8,46,12:00,1,Good,12,Light Rain,A moderate breeze from the west south west,WSW,WSW,West South Westerly,21,13,2023-12-22T09:00:43+01:00,2023-12-22T09:00:43.589+01:00,2988507,Paris
Light rain and a moderate breeze,12,6,42,48,30,83,2024-01-03,61,Chance of precipitation,1015,8,47,13:00,1,Good,12,Light Rain,A moderate breeze from the west south west,WSW,WSW,West South Westerly,21,13,2023-12-22T09:00:43+01:00,2023-12-22T09:00:43.589+01:00,2988507,Paris
Light rain and a gentle breeze,12,6,43,46,29,80,2024-01-03,63,Chance of precipitation,1015,9,47,14:00,1,Good,12,Light Rain,A gentle breeze from the west south west,WSW,WSW,West South Westerly,19,12,2023-12-22T09:00:43+01:00,2023-12-22T09:00:43.589+01:00,2988507,Paris
Light rain and a gentle breeze,12,6,43,44,27,80,2024-01-03,63,Chance of precipitation,1015,9,47,15:00,1,Good,12,Light Rain,A gentle breeze from the west south west,WSW,WSW,West South Westerly,19,12,2023-12-22T09:00:43+01:00,2023-12-22T09:00:43.589+01:00,2988507,Paris
Light rain and a gentle breeze,12,7,44,41,26,79,2024-01-03,63,Chance of precipitation,1015,9,47,16:00,1,Good,12,Light Rain,A gentle breeze from the west south west,WSW,WSW,West South Westerly,18,11,2023-12-22T09:00:43+01:00,2023-12-22T09:00:43.589+01:00,2988507,Paris
Light rain and a gentle breeze,12,6,43,40,25,82,2024-01-03,61,Chance of precipitation,1015,8,47,17:00,1,Good,12,Light Rain,A gentle breeze from the west south west,WSW,WSW,West South Westerly,16,10,2023-12-22T09:00:43+01:00,2023-12-22T09:00:43.589+01:00,2988507,Paris
Light rain and a gentle breeze,39,6,42,39,24,84,2024-01-03,61,Chance of precipitation,1015,8,46,18:00,1,Good,12,Light Rain,A gentle breeze from the west,W,W,Westerly,16,10,2023-12-22T09:00:43+01:00,2023-12-22T09:00:43.589+01:00,2988507,Paris
Light rain and a gentle breeze,39,5,41,34,21,85,2024-01-03,61,Chance of precipitation,1016,7,45,19:00,1,Good,12,Light Rain,A gentle breeze from the west south west,WSW,WSW,West South Westerly,15,9,2023-12-22T09:00:43+01:00,2023-12-22T09:00:43.589+01:00,2988507,Paris
Partly cloudy and a gentle breeze,2,5,41,28,18,87,2024-01-03,22,Low chance of precipitation,1016,7,45,20:00,1,Good,2,Partly Cloudy,A gentle breeze from the west south west,WSW,WSW,West South Westerly,15,9,2023-12-22T09:00:43+01:00,2023-12-22T09:00:43.589+01:00,2988507,Paris
Partly cloudy and a gentle breeze,2,5,41,22,14,87,2024-01-03,22,Low chance of precipitation,1016,7,45,21:00,1,Good,2,Partly Cloudy,A gentle breeze from the west south west,WSW,WSW,West South Westerly,15,9,2023-12-22T09:00:43+01:00,2023-12-22T09:00:43.589+01:00,2988507,Paris
A clear sky and a gentle breeze,0,5,41,21,13,88,2024-01-03,22,Low chance of precipitation,1016,7,45,22:00,1,Good,0,Clear Sky,A gentle breeze from the west south west,WSW,WSW,West South Westerly,13,8,2023-12-22T09:00:43+01:00,2023-12-22T09:00:43.589+01:00,2988507,Paris
Partly cloudy and a gentle breeze,2,5,40,20,13,89,2024-01-03,0,Precipitation is not expected,1016,7,44,23:00,1,Good,2,Partly Cloudy,A gentle breeze from the west south west,WSW,WSW,West South Westerly,14,9,2023-12-22T09:00:43+01:00,2023-12-22T09:00:43.589+01:00,2988507,Paris
Partly cloudy and a gentle breeze,2,5,41,19,12,90,2024-01-04,0,Precipitation is not expected,1016,7,44,00:00,1,Good,2,Partly Cloudy,A gentle breeze from the west south west,WSW,WSW,West South Westerly,13,8,2023-12-22T09:00:43+01:00,2023-12-22T09:00:43.589+01:00,2988507,Paris
Partly cloudy and a gentle breeze,2,5,40,18,11,90,2024-01-04,0,Precipitation is not expected,1016,7,44,01:00,1,Good,2,Partly Cloudy,A gentle breeze from the west south west,WSW,WSW,West South Westerly,12,8,2023-12-22T09:00:43+01:00,2023-12-22T09:00:43.589+01:00,2988507,Paris
A clear sky and light winds,0,5,40,18,11,90,2024-01-04,0,Precipitation is not expected,1016,7,44,02:00,1,Good,0,Clear Sky,Light winds from the west,W,W,Westerly,12,7,2023-12-22T09:00:43+01:00,2023-12-22T09:00:43.589+01:00,2988507,Paris
A clear sky and a gentle breeze,0,4,40,17,11,91,2024-01-04,0,Precipitation is not expected,1017,6,43,03:00,1,Good,0,Clear Sky,A gentle breeze from the west south west,WSW,WSW,West South Westerly,12,8,2023-12-22T09:00:43+01:00,2023-12-22T09:00:43.589+01:00,2988507,Paris
A clear sky and light winds,0,4,40,16,10,91,2024-01-04,0,Precipitation is not expected,1017,6,43,04:00,1,Moderate,0,Clear Sky,Light winds from the west,W,W,Westerly,12,7,2023-12-22T09:00:43+01:00,2023-12-22T09:00:43.589+01:00,2988507,Paris
A clear sky and light winds,0,4,39,14,9,92,2024-01-04,0,Precipitation is not expected,1017,6,43,05:00,1,Moderate,0,Clear Sky,Light winds from the west south west,WSW,WSW,West South Westerly,12,7,2023-12-22T09:00:43+01:00,2023-12-22T09:00:43.589+01:00,2988507,Paris
A clear sky and light winds,0,4,39,13,8,94,2024-01-04,0,Precipitation is not expected,1017,6,43,06:00,1,Moderate,0,Clear Sky,Light winds from the west south west,WSW,WSW,West South Westerly,12,7,2023-12-22T09:00:43+01:00,2023-12-22T09:00:43.589+01:00,2988507,Paris
A clear sky and light winds,0,4,39,14,9,94,2024-01-04,0,Precipitation is not expected,1017,6,42,07:00,1,Moderate,0,Clear Sky,Light winds from the west south west,WSW,WSW,West South Westerly,12,7,2023-12-22T09:00:43+01:00,2023-12-22T09:00:43.589+01:00,2988507,Paris
A clear sky and light winds,0,3,38,14,9,94,2024-01-04,0,Precipitation is not expected,1017,6,42,08:00,1,Moderate,0,Clear Sky,Light winds from the west south west,WSW,WSW,West South Westerly,12,7,2023-12-22T09:00:43+01:00,2023-12-22T09:00:43.589+01:00,2988507,Paris
Sunny and a gentle breeze,1,3,38,14,9,94,2024-01-04,0,Precipitation is not expected,1017,6,42,09:00,1,Moderate,1,Sunny,A gentle breeze from the west south west,WSW,WSW,West South Westerly,12,8,2023-12-22T09:00:43+01:00,2023-12-22T09:00:43.589+01:00,2988507,Paris
Sunny and light winds,1,4,39,15,9,94,2024-01-04,0,Precipitation is not expected,1018,6,43,10:00,1,Moderate,1,Sunny,Light winds from the west south west,WSW,WSW,West South Westerly,12,7,2023-12-22T09:00:43+01:00,2023-12-22T09:00:43.589+01:00,2988507,Paris
Sunny and a gentle breeze,1,5,40,15,9,91,2024-01-04,0,Precipitation is not expected,1018,7,44,11:00,1,Good,1,Sunny,A gentle breeze from the west south west,WSW,WSW,West South Westerly,13,8,2023-12-22T09:00:43+01:00,2023-12-22T09:00:43.589+01:00,2988507,Paris
Sunny and a gentle breeze,1,5,41,15,9,87,2024-01-04,0,Precipitation is not expected,1018,7,45,12:00,1,Good,1,Sunny,A gentle breeze from the west south west,WSW,WSW,West South Westerly,13,8,2023-12-22T09:00:43+01:00,2023-12-22T09:00:43.589+01:00,2988507,Paris
Sunny and a gentle breeze,1,6,43,13,8,84,2024-01-04,0,Precipitation is not expected,1018,8,46,13:00,1,Good,1,Sunny,A gentle breeze from the west south west,WSW,WSW,West South Westerly,13,8,2023-12-22T09:00:43+01:00,2023-12-22T09:00:43.589+01:00,2988507,Paris
Sunny and light winds,1,7,44,13,8,82,2024-01-04,0,Precipitation is not expected,1018,8,47,14:00,1,Good,1,Sunny,Light winds from the west south west,WSW,WSW,West South Westerly,12,7,2023-12-22T09:00:43+01:00,2023-12-22T09:00:43.589+01:00,2988507,Paris
Sunny and light winds,1,7,44,12,8,81,2024-01-04,0,Precipitation is not expected,1018,8,47,15:00,1,Good,1,Sunny,Light winds from the west south west,WSW,WSW,West South Westerly,11,7,2023-12-22T09:00:43+01:00,2023-12-22T09:00:43.589+01:00,2988507,Paris
Sunny and light winds,1,7,45,12,7,81,2024-01-04,0,Precipitation is not expected,1018,8,47,16:00,1,Good,1,Sunny,Light winds from the west south west,WSW,WSW,West South Westerly,10,6,2023-12-22T09:00:43+01:00,2023-12-22T09:00:43.589+01:00,2988507,Paris
Sunny and light winds,1,6,43,12,7,83,2024-01-04,0,Precipitation is not expected,1018,8,46,17:00,1,Good,1,Sunny,Light winds from the west,W,W,Westerly,10,6,2023-12-22T09:00:43+01:00,2023-12-22T09:00:43.589+01:00,2988507,Paris
A clear sky and light winds,0,6,42,12,7,84,2024-01-04,0,Precipitation is not expected,1019,7,45,18:00,1,Good,0,Clear Sky,Light winds from the west,W,W,Westerly,10,6,2023-12-22T09:00:43+01:00,2023-12-22T09:00:43.589+01:00,2988507,Paris
A clear sky and light winds,0,5,42,12,7,87,2024-01-04,0,Precipitation is not expected,1019,7,45,19:00,1,Good,0,Clear Sky,Light winds from the west south west,WSW,WSW,West South Westerly,10,6,2023-12-22T09:00:43+01:00,2023-12-22T09:00:43.589+01:00,2988507,Paris
A clear sky and light winds,0,5,41,12,7,87,2024-01-04,40,Chance of precipitation,1019,7,44,20:00,1,Good,0,Clear Sky,Light winds from the west south west,WSW,WSW,West South Westerly,10,6,2023-12-22T09:00:43+01:00,2023-12-22T09:00:43.589+01:00,2988507,Paris
A clear sky and light winds,0,5,41,11,7,87,2024-01-04,40,Chance of precipitation,1019,7,44,21:00,1,Good,0,Clear Sky,Light winds from the west,W,W,Westerly,10,6,2023-12-22T09:00:43+01:00,2023-12-22T09:00:43.589+01:00,2988507,Paris
Drizzle and light winds,38,5,41,13,8,89,2024-01-04,40,Chance of precipitation,1020,6,43,22:00,1,Good,11,Drizzle,Light winds from the west,W,W,Westerly,9,6,2023-12-22T09:00:43+01:00,2023-12-22T09:00:43.589+01:00,2988507,Paris
Drizzle and light winds,38,5,40,14,9,89,2024-01-04,51,Chance of precipitation,1020,6,43,23:00,1,Good,11,Drizzle,Light winds from the west south west,WSW,WSW,West South Westerly,10,6,2023-12-22T09:00:43+01:00,2023-12-22T09:00:43.589+01:00,2988507,Paris
Drizzle and light winds,38,4,40,16,10,89,2024-01-05,51,Chance of precipitation,1020,6,43,00:00,1,Good,11,Drizzle,Light winds from the west south west,WSW,WSW,West South Westerly,10,6,2023-12-22T09:00:43+01:00,2023-12-22T09:00:43.589+01:00,2988507,Paris
Drizzle and light winds,38,4,40,17,11,90,2024-01-05,51,Chance of precipitation,1020,6,43,01:00,1,Good,11,Drizzle,Light winds from the west south west,WSW,WSW,West South Westerly,10,6,2023-12-22T09:00:43+01:00,2023-12-22T09:00:43.589+01:00,2988507,Paris
Light rain and light winds,39,4,39,18,11,92,2024-01-05,33,Chance of precipitation,1020,6,42,02:00,1,Good,12,Light Rain,Light winds from the west south west,WSW,WSW,West South Westerly,8,5,2023-12-22T09:00:43+01:00,2023-12-22T09:00:43.589+01:00,2988507,Paris
Drizzle and light winds,38,4,39,19,12,93,2024-01-05,33,Chance of precipitation,1020,6,42,03:00,1,Good,11,Drizzle,Light winds from the west south west,WSW,WSW,West South Westerly,9,6,2023-12-22T09:00:43+01:00,2023-12-22T09:00:43.589+01:00,2988507,Paris
Light rain and light winds,39,4,39,19,12,94,2024-01-05,33,Chance of precipitation,1020,6,42,04:00,1,Good,12,Light Rain,Light winds from the south west,SW,SW,South Westerly,9,6,2023-12-22T09:00:43+01:00,2023-12-22T09:00:43.589+01:00,2988507,Paris
Drizzle and light winds,38,3,38,20,13,95,2024-01-05,33,Chance of precipitation,1020,5,42,05:00,1,Good,11,Drizzle,Light winds from the west,W,W,Westerly,10,6,2023-12-22T09:00:43+01:00,2023-12-22T09:00:43.589+01:00,2988507,Paris
