enhancedWeatherDescription,extendedWeatherType,feelsLikeTemperatureC,feelsLikeTemperatureF,gustSpeedKph,gustSpeedMph,humidity,localDate,precipitationProbabilityInPercent,precipitationProbabilityText,pressure,temperatureC,temperatureF,timeslot,timeslotLength,visibility,weatherType,weatherTypeText,windDescription,windDirection,windDirectionAbbreviation,windDirectionFull,windSpeedKph,windSpeedMph,issueDate,lastUpdated,location_id,location_name
Sunny and a gentle breeze,1,23,73,24,15,61,2023-06-20,13,Low chance of precipitation,1008,21,69,18:00,1,Good,1,Sunny,A gentle breeze from the west south west,WSW,WSW,West South Westerly,17,10,2023-06-20T10:54:00+01:00,2023-06-20T17:00:12.346+01:00,2653822,Cardiff
Sunny and a gentle breeze,1,21,70,25,16,66,2023-06-20,0,Precipitation is not expected,1008,19,67,19:00,1,Good,1,Sunny,A gentle breeze from the west south west,WSW,WSW,West South Westerly,14,9,2023-06-20T10:54:00+01:00,2023-06-20T17:00:12.346+01:00,2653822,Cardiff
Sunny and a gentle breeze,1,20,69,21,13,69,2023-06-20,0,Precipitation is not expected,1009,19,66,20:00,1,Good,1,Sunny,A gentle breeze from the west south west,WSW,WSW,West South Westerly,14,9,2023-06-20T10:54:00+01:00,2023-06-20T17:00:12.346+01:00,2653822,Cardiff
Sunny and light winds,1,19,67,20,12,77,2023-06-20,0,Precipitation is not expected,1010,18,64,21:00,1,Good,1,Sunny,Light winds from the west,W,W,Westerly,12,7,2023-06-20T10:54:00+01:00,2023-06-20T17:00:12.346+01:00,2653822,Cardiff
A clear sky and light winds,0,18,65,20,12,81,2023-06-20,0,Precipitation is not expected,1011,17,62,22:00,1,Good,0,Clear Sky,Light winds from the west,W,W,Westerly,10,6,2023-06-20T10:54:00+01:00,2023-06-20T17:00:12.346+01:00,2653822,Cardiff
A clear sky and light winds,0,17,64,17,11,86,2023-06-20,0,Precipitation is not expected,1011,16,61,23:00,1,Good,0,Clear Sky,Light winds from the west,W,W,Westerly,10,6,2023-06-20T10:54:00+01:00,2023-06-20T17:00:12.346+01:00,2653822,Cardiff
A clear sky and light winds,0,17,63,16,10,89,2023-06-21,0,Precipitation is not expected,1011,16,60,00:00,1,Moderate,0,Clear Sky,Light winds from the west,W,W,Westerly,9,6,2023-06-20T10:54:00+01:00,2023-06-20T17:00:12.346+01:00,2653822,Cardiff
Partly cloudy and light winds,2,17,63,16,10,92,2023-06-21,0,Precipitation is not expected,1012,15,60,01:00,1,Moderate,2,Partly Cloudy,Light winds from the west south west,WSW,WSW,West South Westerly,9,6,2023-06-20T10:54:00+01:00,2023-06-20T17:00:12.346+01:00,2653822,Cardiff
Partly cloudy and light winds,2,17,63,16,10,93,2023-06-21,0,Precipitation is not expected,1012,15,59,02:00,1,Moderate,2,Partly Cloudy,Light winds from the west south west,WSW,WSW,West South Westerly,9,6,2023-06-20T10:54:00+01:00,2023-06-20T17:00:12.346+01:00,2653822,Cardiff
Partly cloudy and light winds,2,17,62,17,10,93,2023-06-21,0,Precipitation is not expected,1012,15,59,03:00,1,Good,2,Partly Cloudy,Light winds from the west south west,WSW,WSW,West South Westerly,9,5,2023-06-20T10:54:00+01:00,2023-06-20T17:00:12.346+01:00,2653822,Cardiff
Partly cloudy and light winds,2,16,61,14,9,94,2023-06-21,0,Precipitation is not expected,1013,15,59,04:00,1,Good,2,Partly Cloudy,Light winds from the west south west,WSW,WSW,West South Westerly,8,5,2023-06-20T10:54:00+01:00,2023-06-20T17:00:12.346+01:00,2653822,Cardiff
Sunny intervals and light winds,3,16,61,14,9,94,2023-06-21,0,Precipitation is not expected,1013,15,59,05:00,1,Good,3,Sunny Intervals,Light winds from the west south west,WSW,WSW,West South Westerly,8,5,2023-06-20T10:54:00+01:00,2023-06-20T17:00:12.346+01:00,2653822,Cardiff
Sunny intervals and light winds,3,16,62,15,9,93,2023-06-21,0,Precipitation is not expected,1013,15,59,06:00,1,Good,3,Sunny Intervals,Light winds from the west south west,WSW,WSW,West South Westerly,8,5,2023-06-20T10:54:00+01:00,2023-06-20T17:00:12.346+01:00,2653822,Cardiff
Sunny intervals and light winds,3,18,64,14,9,91,2023-06-21,0,Precipitation is not expected,1014,16,60,07:00,1,Good,3,Sunny Intervals,Light winds from the west south west,WSW,WSW,West South Westerly,8,5,2023-06-20T10:54:00+01:00,2023-06-20T17:00:12.346+01:00,2653822,Cardiff
Sunny intervals and light winds,3,19,66,17,10,82,2023-06-21,0,Precipitation is not expected,1015,17,63,08:00,1,Good,3,Sunny Intervals,Light winds from the south west,SW,SW,South Westerly,10,6,2023-06-20T10:54:00+01:00,2023-06-20T17:00:12.346+01:00,2653822,Cardiff
Sunny intervals and light winds,3,20,67,18,11,78,2023-06-21,0,Precipitation is not expected,1015,18,64,09:00,1,Good,3,Sunny Intervals,Light winds from the south west,SW,SW,South Westerly,10,6,2023-06-20T10:54:00+01:00,2023-06-20T17:00:12.346+01:00,2653822,Cardiff
Sunny intervals and light winds,3,20,69,18,11,73,2023-06-21,0,Precipitation is not expected,1016,18,65,10:00,1,Good,3,Sunny Intervals,Light winds from the south south west,SSW,SSW,South South Westerly,11,7,2023-06-20T10:54:00+01:00,2023-06-20T17:00:12.346+01:00,2653822,Cardiff
Sunny intervals and light winds,3,21,70,18,11,69,2023-06-21,0,Precipitation is not expected,1016,19,67,11:00,1,Good,3,Sunny Intervals,Light winds from the south south west,SSW,SSW,South South Westerly,10,6,2023-06-20T10:54:00+01:00,2023-06-20T17:00:12.346+01:00,2653822,Cardiff
Sunny intervals and light winds,3,23,73,18,11,64,2023-06-21,28,Low chance of precipitation,1016,21,69,12:00,1,Good,3,Sunny Intervals,Light winds from the south south west,SSW,SSW,South South Westerly,10,6,2023-06-20T10:54:00+01:00,2023-06-20T17:00:12.346+01:00,2653822,Cardiff
Sunny intervals and light winds,3,23,74,19,12,61,2023-06-21,13,Low chance of precipitation,1016,21,70,13:00,1,Good,3,Sunny Intervals,Light winds from the south south west,SSW,SSW,South South Westerly,11,7,2023-06-20T10:54:00+01:00,2023-06-20T17:00:12.346+01:00,2653822,Cardiff
Light rain showers and light winds,10,24,75,17,11,62,2023-06-21,31,Chance of precipitation,1016,21,70,14:00,1,Good,10,Light Rain Showers,Light winds from the south south west,SSW,SSW,South South Westerly,12,7,2023-06-20T10:54:00+01:00,2023-06-20T17:00:12.346+01:00,2653822,Cardiff
Thundery showers and a gentle breeze,29,24,75,16,10,59,2023-06-21,20,Low chance of precipitation,1016,22,71,15:00,1,Good,29,Thundery Showers,A gentle breeze from the south west,SW,SW,South Westerly,12,8,2023-06-20T10:54:00+01:00,2023-06-20T17:00:12.346+01:00,2653822,Cardiff
Light rain showers and a gentle breeze,10,24,76,18,11,61,2023-06-21,22,Low chance of precipitation,1016,22,71,16:00,1,Good,10,Light Rain Showers,A gentle breeze from the south west,SW,SW,South Westerly,13,8,2023-06-20T10:54:00+01:00,2023-06-20T17:00:12.346+01:00,2653822,Cardiff
Thundery showers and a gentle breeze,29,24,75,17,10,62,2023-06-21,19,Low chance of precipitation,1017,21,71,17:00,1,Good,29,Thundery Showers,A gentle breeze from the west south west,WSW,WSW,West South Westerly,13,8,2023-06-20T10:54:00+01:00,2023-06-20T17:00:12.346+01:00,2653822,Cardiff
Sunny intervals and a gentle breeze,3,23,74,16,10,62,2023-06-21,16,Low chance of precipitation,1017,21,70,18:00,1,Good,3,Sunny Intervals,A gentle breeze from the west south west,WSW,WSW,West South Westerly,13,8,2023-06-20T10:54:00+01:00,2023-06-20T17:00:12.346+01:00,2653822,Cardiff
Sunny and light winds,1,23,73,16,10,64,2023-06-21,14,Low chance of precipitation,1017,21,69,19:00,1,Good,1,Sunny,Light winds from the west south west,WSW,WSW,West South Westerly,11,7,2023-06-20T10:54:00+01:00,2023-06-20T17:00:12.346+01:00,2653822,Cardiff
Sunny and light winds,1,21,71,14,9,69,2023-06-21,5,Low chance of precipitation,1017,19,67,20:00,1,Good,1,Sunny,Light winds from the west south west,WSW,WSW,West South Westerly,10,6,2023-06-20T10:54:00+01:00,2023-06-20T17:00:12.346+01:00,2653822,Cardiff
Sunny and light winds,1,20,68,15,9,76,2023-06-21,0,Precipitation is not expected,1018,18,65,21:00,1,Good,1,Sunny,Light winds from the west,W,W,Westerly,9,6,2023-06-20T10:54:00+01:00,2023-06-20T17:00:12.346+01:00,2653822,Cardiff
A clear sky and light winds,0,19,66,14,9,80,2023-06-21,0,Precipitation is not expected,1018,17,63,22:00,1,Good,0,Clear Sky,Light winds from the west,W,W,Westerly,9,5,2023-06-20T10:54:00+01:00,2023-06-20T17:00:12.346+01:00,2653822,Cardiff
A clear sky and light winds,0,18,65,13,8,84,2023-06-21,0,Precipitation is not expected,1018,17,62,23:00,1,Good,0,Clear Sky,Light winds from the west,W,W,Westerly,9,5,2023-06-20T10:54:00+01:00,2023-06-20T17:00:12.346+01:00,2653822,Cardiff
A clear sky and light winds,0,18,64,11,7,86,2023-06-22,0,Precipitation is not expected,1019,16,61,00:00,1,Moderate,0,Clear Sky,Light winds from the west,W,W,Westerly,8,5,2023-06-20T10:54:00+01:00,2023-06-20T17:00:12.346+01:00,2653822,Cardiff
A clear sky and light winds,0,17,63,9,6,89,2023-06-22,0,Precipitation is not expected,1019,16,60,01:00,1,Moderate,0,Clear Sky,Light winds from the west north west,WNW,WNW,West North Westerly,8,5,2023-06-20T10:54:00+01:00,2023-06-20T17:00:12.346+01:00,2653822,Cardiff
A clear sky and light winds,0,17,62,9,5,91,2023-06-22,0,Precipitation is not expected,1019,15,59,02:00,1,Moderate,0,Clear Sky,Light winds from the west north west,WNW,WNW,West North Westerly,7,4,2023-06-20T10:54:00+01:00,2023-06-20T17:00:12.346+01:00,2653822,Cardiff
A clear sky and light winds,0,16,61,8,5,92,2023-06-22,0,Precipitation is not expected,1019,15,58,03:00,1,Moderate,0,Clear Sky,Light winds from the west north west,WNW,WNW,West North Westerly,6,4,2023-06-20T10:54:00+01:00,2023-06-20T17:00:12.346+01:00,2653822,Cardiff
A clear sky and light winds,0,16,60,6,4,94,2023-06-22,0,Precipitation is not expected,1019,14,58,04:00,1,Moderate,0,Clear Sky,Light winds from the west north west,WNW,WNW,West North Westerly,5,3,2023-06-20T10:54:00+01:00,2023-06-20T17:00:12.346+01:00,2653822,Cardiff
Sunny and light winds,1,15,59,6,4,94,2023-06-22,0,Precipitation is not expected,1019,14,57,05:00,1,Moderate,1,Sunny,Light winds from the north west,NW,NW,North Westerly,5,3,2023-06-20T10:54:00+01:00,2023-06-20T17:00:12.346+01:00,2653822,Cardiff
Sunny and light winds,1,15,59,5,3,93,2023-06-22,0,Precipitation is not expected,1019,14,57,06:00,1,Moderate,1,Sunny,Light winds from the north west,NW,NW,North Westerly,4,3,2023-06-20T10:54:00+01:00,2023-06-20T17:00:12.346+01:00,2653822,Cardiff
Sunny and light winds,1,17,62,5,3,90,2023-06-22,0,Precipitation is not expected,1019,15,59,07:00,1,Moderate,1,Sunny,Light winds from the north west,NW,NW,North Westerly,4,2,2023-06-20T10:54:00+01:00,2023-06-20T17:00:12.346+01:00,2653822,Cardiff
Sunny and light winds,1,19,66,6,4,82,2023-06-22,0,Precipitation is not expected,1020,17,63,08:00,1,Good,1,Sunny,Light winds from the west north west,WNW,WNW,West North Westerly,4,3,2023-06-20T10:54:00+01:00,2023-06-20T17:00:12.346+01:00,2653822,Cardiff
Sunny intervals and light winds,3,20,68,7,4,77,2023-06-22,0,Precipitation is not expected,1020,18,65,09:00,1,Good,3,Sunny Intervals,Light winds from the west,W,W,Westerly,5,3,2023-06-20T10:54:00+01:00,2023-06-20T17:00:12.346+01:00,2653822,Cardiff
Sunny intervals and light winds,3,23,73,10,6,67,2023-06-22,0,Precipitation is not expected,1020,20,69,10:00,1,Good,3,Sunny Intervals,Light winds from the west south west,WSW,WSW,West South Westerly,6,4,2023-06-20T10:54:00+01:00,2023-06-20T17:00:12.346+01:00,2653822,Cardiff
Sunny intervals and light winds,3,24,75,14,9,62,2023-06-22,14,Low chance of precipitation,1020,21,70,11:00,1,Good,3,Sunny Intervals,Light winds from the west south west,WSW,WSW,West South Westerly,9,6,2023-06-20T10:54:00+01:00,2023-06-20T17:00:12.346+01:00,2653822,Cardiff
Sunny intervals and light winds,3,24,76,17,11,60,2023-06-22,14,Low chance of precipitation,1020,22,71,12:00,1,Good,3,Sunny Intervals,Light winds from the west south west,WSW,WSW,West South Westerly,12,7,2023-06-20T10:54:00+01:00,2023-06-20T17:00:12.346+01:00,2653822,Cardiff
Sunny intervals and a gentle breeze,3,25,77,19,12,59,2023-06-22,15,Low chance of precipitation,1020,22,72,13:00,1,Good,3,Sunny Intervals,A gentle breeze from the west south west,WSW,WSW,West South Westerly,15,9,2023-06-20T10:54:00+01:00,2023-06-20T17:00:12.346+01:00,2653822,Cardiff
Sunny and a gentle breeze,1,25,77,22,14,59,2023-06-22,15,Low chance of precipitation,1020,22,72,14:00,1,Good,1,Sunny,A gentle breeze from the west south west,WSW,WSW,West South Westerly,17,11,2023-06-20T10:54:00+01:00,2023-06-20T17:00:12.346+01:00,2653822,Cardiff
Sunny and a gentle breeze,1,25,77,25,16,57,2023-06-22,0,Precipitation is not expected,1020,23,73,15:00,1,Good,1,Sunny,A gentle breeze from the west south west,WSW,WSW,West South Westerly,19,12,2023-06-20T10:54:00+01:00,2023-06-20T17:00:12.346+01:00,2653822,Cardiff
Sunny and a moderate breeze,1,25,77,26,16,57,2023-06-22,5,Low chance of precipitation,1020,23,73,16:00,1,Good,1,Sunny,A moderate breeze from the west south west,WSW,WSW,West South Westerly,21,13,2023-06-20T10:54:00+01:00,2023-06-20T17:00:12.346+01:00,2653822,Cardiff
Sunny and a moderate breeze,1,25,76,28,18,57,2023-06-22,0,Precipitation is not expected,1020,22,72,17:00,1,Good,1,Sunny,A moderate breeze from the west,W,W,Westerly,22,14,2023-06-20T10:54:00+01:00,2023-06-20T17:00:12.346+01:00,2653822,Cardiff
Sunny and a moderate breeze,1,24,75,29,18,59,2023-06-22,0,Precipitation is not expected,1020,22,71,18:00,1,Good,1,Sunny,A moderate breeze from the west,W,W,Westerly,22,14,2023-06-20T10:54:00+01:00,2023-06-20T17:00:12.346+01:00,2653822,Cardiff
Sunny and a gentle breeze,1,23,73,27,17,62,2023-06-22,0,Precipitation is not expected,1021,21,70,19:00,1,Good,1,Sunny,A gentle breeze from the west,W,W,Westerly,20,12,2023-06-20T10:54:00+01:00,2023-06-20T17:00:12.346+01:00,2653822,Cardiff
Sunny and a gentle breeze,1,22,71,26,16,68,2023-06-22,0,Precipitation is not expected,1021,20,67,20:00,1,Good,1,Sunny,A gentle breeze from the west,W,W,Westerly,18,11,2023-06-20T10:54:00+01:00,2023-06-20T17:00:12.346+01:00,2653822,Cardiff
Sunny and a gentle breeze,1,20,69,24,15,75,2023-06-22,0,Precipitation is not expected,1021,19,65,21:00,1,Good,1,Sunny,A gentle breeze from the west,W,W,Westerly,16,10,2023-06-20T10:54:00+01:00,2023-06-20T17:00:12.346+01:00,2653822,Cardiff
A clear sky and a gentle breeze,0,19,66,21,13,78,2023-06-22,0,Precipitation is not expected,1022,17,63,22:00,1,Good,0,Clear Sky,A gentle breeze from the west,W,W,Westerly,14,9,2023-06-20T10:54:00+01:00,2023-06-20T17:00:12.346+01:00,2653822,Cardiff
A clear sky and a gentle breeze,0,18,65,19,12,83,2023-06-22,0,Precipitation is not expected,1022,17,62,23:00,1,Good,0,Clear Sky,A gentle breeze from the west,W,W,Westerly,13,8,2023-06-20T10:54:00+01:00,2023-06-20T17:00:12.346+01:00,2653822,Cardiff
A clear sky and light winds,0,18,64,17,11,85,2023-06-23,0,Precipitation is not expected,1023,16,61,00:00,1,Good,0,Clear Sky,Light winds from the west,W,W,Westerly,12,7,2023-06-20T10:54:00+01:00,2023-06-20T17:00:12.346+01:00,2653822,Cardiff
A clear sky and light winds,0,17,63,15,9,88,2023-06-23,0,Precipitation is not expected,1023,16,61,01:00,1,Good,0,Clear Sky,Light winds from the west,W,W,Westerly,11,7,2023-06-20T10:54:00+01:00,2023-06-20T17:00:12.346+01:00,2653822,Cardiff
A clear sky and light winds,0,17,63,13,8,90,2023-06-23,0,Precipitation is not expected,1023,15,60,02:00,1,Good,0,Clear Sky,Light winds from the west,W,W,Westerly,10,6,2023-06-20T10:54:00+01:00,2023-06-20T17:00:12.346+01:00,2653822,Cardiff
A clear sky and light winds,0,17,62,11,7,91,2023-06-23,0,Precipitation is not expected,1023,15,59,03:00,1,Good,0,Clear Sky,Light winds from the west,W,W,Westerly,8,5,2023-06-20T10:54:00+01:00,2023-06-20T17:00:12.346+01:00,2653822,Cardiff
A clear sky and light winds,0,16,62,12,7,92,2023-06-23,0,Precipitation is not expected,1023,15,59,04:00,1,Good,0,Clear Sky,Light winds from the west,W,W,Westerly,7,4,2023-06-20T10:54:00+01:00,2023-06-20T17:00:12.346+01:00,2653822,Cardiff
Sunny intervals and light winds,3,16,61,12,8,92,2023-06-23,0,Precipitation is not expected,1023,15,59,05:00,1,Good,3,Sunny Intervals,Light winds from the west,W,W,Westerly,6,4,2023-06-20T10:54:00+01:00,2023-06-20T17:00:12.346+01:00,2653822,Cardiff
Sunny intervals and light winds,3,16,61,13,8,92,2023-06-23,0,Precipitation is not expected,1023,15,59,06:00,1,Good,3,Sunny Intervals,Light winds from the west,W,W,Westerly,5,3,2023-06-20T10:54:00+01:00,2023-06-20T17:00:12.346+01:00,2653822,Cardiff
Sunny intervals and light winds,3,18,64,15,9,89,2023-06-23,0,Precipitation is not expected,1023,16,61,07:00,1,Good,3,Sunny Intervals,Light winds from the west south west,WSW,WSW,West South Westerly,5,3,2023-06-20T10:54:00+01:00,2023-06-20T17:00:12.346+01:00,2653822,Cardiff
Sunny intervals and light winds,3,19,67,17,10,82,2023-06-23,0,Precipitation is not expected,1024,17,63,08:00,1,Good,3,Sunny Intervals,Light winds from the west south west,WSW,WSW,West South Westerly,8,5,2023-06-20T10:54:00+01:00,2023-06-20T17:00:12.346+01:00,2653822,Cardiff
Sunny intervals and light winds,3,20,68,18,11,78,2023-06-23,0,Precipitation is not expected,1024,18,64,09:00,1,Good,3,Sunny Intervals,Light winds from the south west,SW,SW,South Westerly,10,6,2023-06-20T10:54:00+01:00,2023-06-20T17:00:12.346+01:00,2653822,Cardiff
Light cloud and a gentle breeze,7,21,69,18,11,72,2023-06-23,0,Precipitation is not expected,1024,19,66,10:00,1,Good,7,Light Cloud,A gentle breeze from the south west,SW,SW,South Westerly,12,8,2023-06-20T10:54:00+01:00,2023-06-20T17:00:12.346+01:00,2653822,Cardiff
Sunny intervals and light winds,3,21,70,19,12,69,2023-06-23,22,Low chance of precipitation,1024,19,67,11:00,1,Good,3,Sunny Intervals,Light winds from the south west,SW,SW,South Westerly,12,7,2023-06-20T10:54:00+01:00,2023-06-20T17:00:12.346+01:00,2653822,Cardiff
Sunny intervals and a gentle breeze,3,22,71,19,12,68,2023-06-23,19,Low chance of precipitation,1025,19,67,12:00,1,Good,3,Sunny Intervals,A gentle breeze from the south west,SW,SW,South Westerly,12,8,2023-06-20T10:54:00+01:00,2023-06-20T17:00:12.346+01:00,2653822,Cardiff
Sunny intervals and a gentle breeze,3,22,71,19,12,67,2023-06-23,28,Low chance of precipitation,1025,20,68,13:00,1,Good,3,Sunny Intervals,A gentle breeze from the south west,SW,SW,South Westerly,12,8,2023-06-20T10:54:00+01:00,2023-06-20T17:00:12.346+01:00,2653822,Cardiff
Sunny intervals and a gentle breeze,3,22,72,18,11,67,2023-06-23,25,Low chance of precipitation,1024,20,68,14:00,1,Good,3,Sunny Intervals,A gentle breeze from the south west,SW,SW,South Westerly,13,8,2023-06-20T10:54:00+01:00,2023-06-20T17:00:12.346+01:00,2653822,Cardiff
Light rain showers and a gentle breeze,10,23,73,18,11,65,2023-06-23,31,Chance of precipitation,1024,21,69,15:00,1,Good,10,Light Rain Showers,A gentle breeze from the south west,SW,SW,South Westerly,14,9,2023-06-20T10:54:00+01:00,2023-06-20T17:00:12.346+01:00,2653822,Cardiff
Sunny intervals and a gentle breeze,3,23,74,19,12,65,2023-06-23,26,Low chance of precipitation,1024,21,69,16:00,1,Good,3,Sunny Intervals,A gentle breeze from the west south west,WSW,WSW,West South Westerly,14,9,2023-06-20T10:54:00+01:00,2023-06-20T17:00:12.346+01:00,2653822,Cardiff
Sunny intervals and a gentle breeze,3,23,73,21,13,65,2023-06-23,0,Precipitation is not expected,1024,21,69,17:00,1,Good,3,Sunny Intervals,A gentle breeze from the west south west,WSW,WSW,West South Westerly,15,9,2023-06-20T10:54:00+01:00,2023-06-20T17:00:12.346+01:00,2653822,Cardiff
Sunny intervals and a gentle breeze,3,23,73,22,14,67,2023-06-23,30,Low chance of precipitation,1024,20,69,18:00,1,Good,3,Sunny Intervals,A gentle breeze from the west south west,WSW,WSW,West South Westerly,15,9,2023-06-20T10:54:00+01:00,2023-06-20T17:00:12.346+01:00,2653822,Cardiff
Sunny intervals and a gentle breeze,3,22,72,22,14,68,2023-06-23,29,Low chance of precipitation,1024,20,68,19:00,1,Good,3,Sunny Intervals,A gentle breeze from the west south west,WSW,WSW,West South Westerly,14,9,2023-06-20T10:54:00+01:00,2023-06-20T17:00:12.346+01:00,2653822,Cardiff
Sunny intervals and light winds,3,22,71,21,13,71,2023-06-23,23,Low chance of precipitation,1024,20,67,20:00,1,Good,3,Sunny Intervals,Light winds from the west south west,WSW,WSW,West South Westerly,12,7,2023-06-20T10:54:00+01:00,2023-06-20T17:00:12.346+01:00,2653822,Cardiff
Sunny intervals and light winds,3,21,70,20,13,75,2023-06-23,0,Precipitation is not expected,1025,19,66,21:00,1,Good,3,Sunny Intervals,Light winds from the west south west,WSW,WSW,West South Westerly,10,6,2023-06-20T10:54:00+01:00,2023-06-20T17:00:12.346+01:00,2653822,Cardiff
Partly cloudy and light winds,2,21,69,18,11,78,2023-06-23,0,Precipitation is not expected,1025,18,65,22:00,1,Good,2,Partly Cloudy,Light winds from the west south west,WSW,WSW,West South Westerly,9,6,2023-06-20T10:54:00+01:00,2023-06-20T17:00:12.346+01:00,2653822,Cardiff
Partly cloudy and light winds,2,20,68,16,10,81,2023-06-23,0,Precipitation is not expected,1025,18,64,23:00,1,Good,2,Partly Cloudy,Light winds from the west south west,WSW,WSW,West South Westerly,9,5,2023-06-20T10:54:00+01:00,2023-06-20T17:00:12.346+01:00,2653822,Cardiff
Partly cloudy and light winds,2,20,67,14,9,85,2023-06-24,0,Precipitation is not expected,1025,17,63,00:00,1,Good,2,Partly Cloudy,Light winds from the west south west,WSW,WSW,West South Westerly,8,5,2023-06-20T10:54:00+01:00,2023-06-20T17:00:12.346+01:00,2653822,Cardiff
Partly cloudy and light winds,2,20,68,14,9,88,2023-06-24,0,Precipitation is not expected,1025,17,63,01:00,1,Good,2,Partly Cloudy,Light winds from the west south west,WSW,WSW,West South Westerly,8,5,2023-06-20T10:54:00+01:00,2023-06-20T17:00:12.346+01:00,2653822,Cardiff
Partly cloudy and light winds,2,19,67,22,14,90,2023-06-24,0,Precipitation is not expected,1025,17,63,02:00,1,Good,2,Partly Cloudy,Light winds from the west south west,WSW,WSW,West South Westerly,8,5,2023-06-20T10:54:00+01:00,2023-06-20T17:00:12.346+01:00,2653822,Cardiff
Partly cloudy and light winds,2,19,66,21,13,92,2023-06-24,0,Precipitation is not expected,1024,17,62,03:00,1,Good,2,Partly Cloudy,Light winds from the west south west,WSW,WSW,West South Westerly,8,5,2023-06-20T10:54:00+01:00,2023-06-20T17:00:12.346+01:00,2653822,Cardiff
Partly cloudy and light winds,2,19,65,13,8,92,2023-06-24,0,Precipitation is not expected,1024,16,61,04:00,1,Good,2,Partly Cloudy,Light winds from the west south west,WSW,WSW,West South Westerly,7,5,2023-06-20T10:54:00+01:00,2023-06-20T17:00:12.346+01:00,2653822,Cardiff
Sunny intervals and light winds,3,18,65,19,12,92,2023-06-24,0,Precipitation is not expected,1024,16,61,05:00,1,Good,3,Sunny Intervals,Light winds from the west south west,WSW,WSW,West South Westerly,8,5,2023-06-20T10:54:00+01:00,2023-06-20T17:00:12.346+01:00,2653822,Cardiff
Sunny intervals and light winds,3,18,65,13,8,92,2023-06-24,0,Precipitation is not expected,1024,16,61,06:00,1,Good,3,Sunny Intervals,Light winds from the south west,SW,SW,South Westerly,7,5,2023-06-20T10:54:00+01:00,2023-06-20T17:00:12.346+01:00,2653822,Cardiff
Sunny intervals and light winds,3,20,68,17,11,90,2023-06-24,0,Precipitation is not expected,1025,17,63,07:00,1,Good,3,Sunny Intervals,Light winds from the south west,SW,SW,South Westerly,8,5,2023-06-20T10:54:00+01:00,2023-06-20T17:00:12.346+01:00,2653822,Cardiff
Sunny intervals and light winds,3,21,70,13,8,84,2023-06-24,0,Precipitation is not expected,1025,18,65,08:00,1,Good,3,Sunny Intervals,Light winds from the south west,SW,SW,South Westerly,9,6,2023-06-20T10:54:00+01:00,2023-06-20T17:00:12.346+01:00,2653822,Cardiff
Sunny intervals and light winds,3,22,71,13,8,79,2023-06-24,0,Precipitation is not expected,1025,19,66,09:00,1,Good,3,Sunny Intervals,Light winds from the south south west,SSW,SSW,South South Westerly,10,6,2023-06-20T10:54:00+01:00,2023-06-20T17:00:12.346+01:00,2653822,Cardiff
Sunny intervals and light winds,3,23,73,15,9,74,2023-06-24,0,Precipitation is not expected,1025,20,68,10:00,1,Good,3,Sunny Intervals,Light winds from the south west,SW,SW,South Westerly,10,6,2023-06-20T10:54:00+01:00,2023-06-20T17:00:12.346+01:00,2653822,Cardiff
Sunny intervals and light winds,3,25,76,13,8,66,2023-06-24,0,Precipitation is not expected,1025,21,71,11:00,1,Good,3,Sunny Intervals,Light winds from the south south west,SSW,SSW,South South Westerly,10,6,2023-06-20T10:54:00+01:00,2023-06-20T17:00:12.346+01:00,2653822,Cardiff
Sunny intervals and light winds,3,26,78,14,9,64,2023-06-24,0,Precipitation is not expected,1024,22,72,12:00,1,Good,3,Sunny Intervals,Light winds from the south west,SW,SW,South Westerly,11,7,2023-06-20T10:54:00+01:00,2023-06-20T17:00:12.346+01:00,2653822,Cardiff
Sunny and light winds,1,26,80,14,9,61,2023-06-24,0,Precipitation is not expected,1024,23,74,13:00,1,Good,1,Sunny,Light winds from the south south west,SSW,SSW,South South Westerly,12,7,2023-06-20T10:54:00+01:00,2023-06-20T17:00:12.346+01:00,2653822,Cardiff
Sunny and a gentle breeze,1,27,81,15,9,61,2023-06-24,0,Precipitation is not expected,1024,23,74,14:00,1,Good,1,Sunny,A gentle breeze from the south west,SW,SW,South Westerly,12,8,2023-06-20T10:54:00+01:00,2023-06-20T17:00:12.346+01:00,2653822,Cardiff
Sunny and a gentle breeze,1,28,82,14,9,59,2023-06-24,0,Precipitation is not expected,1023,24,75,15:00,1,Good,1,Sunny,A gentle breeze from the south south west,SSW,SSW,South South Westerly,13,8,2023-06-20T10:54:00+01:00,2023-06-20T17:00:12.346+01:00,2653822,Cardiff
Sunny and a gentle breeze,1,28,82,15,9,58,2023-06-24,0,Precipitation is not expected,1023,24,76,16:00,1,Good,1,Sunny,A gentle breeze from the south south west,SSW,SSW,South South Westerly,13,8,2023-06-20T10:54:00+01:00,2023-06-20T17:00:12.346+01:00,2653822,Cardiff
Sunny and a gentle breeze,1,28,82,14,9,57,2023-06-24,0,Precipitation is not expected,1023,24,76,17:00,1,Good,1,Sunny,A gentle breeze from the south south west,SSW,SSW,South South Westerly,13,8,2023-06-20T10:54:00+01:00,2023-06-20T17:00:12.346+01:00,2653822,Cardiff
Sunny and a gentle breeze,1,27,81,12,8,60,2023-06-24,0,Precipitation is not expected,1022,24,75,18:00,1,Good,1,Sunny,A gentle breeze from the south south west,SSW,SSW,South South Westerly,13,8,2023-06-20T10:54:00+01:00,2023-06-20T17:00:12.346+01:00,2653822,Cardiff
Sunny and light winds,1,27,80,12,8,62,2023-06-24,0,Precipitation is not expected,1022,23,74,19:00,1,Good,1,Sunny,Light winds from the south south west,SSW,SSW,South South Westerly,11,7,2023-06-20T10:54:00+01:00,2023-06-20T17:00:12.346+01:00,2653822,Cardiff
Sunny and light winds,1,25,77,9,6,68,2023-06-24,0,Precipitation is not expected,1022,22,71,20:00,1,Good,1,Sunny,Light winds from the south south west,SSW,SSW,South South Westerly,10,6,2023-06-20T10:54:00+01:00,2023-06-20T17:00:12.346+01:00,2653822,Cardiff
Sunny and light winds,1,24,75,8,5,73,2023-06-24,0,Precipitation is not expected,1022,21,69,21:00,1,Moderate,1,Sunny,Light winds from the south south west,SSW,SSW,South South Westerly,8,5,2023-06-20T10:54:00+01:00,2023-06-20T17:00:12.346+01:00,2653822,Cardiff
A clear sky and light winds,0,23,73,8,5,77,2023-06-24,0,Precipitation is not expected,1022,20,68,22:00,1,Moderate,0,Clear Sky,Light winds from the south south west,SSW,SSW,South South Westerly,7,4,2023-06-20T10:54:00+01:00,2023-06-20T17:00:12.346+01:00,2653822,Cardiff
A clear sky and light winds,0,21,71,8,5,82,2023-06-24,0,Precipitation is not expected,1022,19,66,23:00,1,Moderate,0,Clear Sky,Light winds from the south south west,SSW,SSW,South South Westerly,7,4,2023-06-20T10:54:00+01:00,2023-06-20T17:00:12.346+01:00,2653822,Cardiff
A clear sky and light winds,0,21,69,8,5,87,2023-06-25,0,Precipitation is not expected,1021,18,65,00:00,1,Moderate,0,Clear Sky,Light winds from the south,S,S,Southerly,7,5,2023-06-20T10:54:00+01:00,2023-06-20T17:00:12.346+01:00,2653822,Cardiff
A clear sky and light winds,0,20,67,7,5,86,2023-06-25,0,Precipitation is not expected,1021,17,63,01:00,1,Poor,0,Clear Sky,Light winds from the south,S,S,Southerly,7,4,2023-06-20T10:54:00+01:00,2023-06-20T17:00:12.346+01:00,2653822,Cardiff
A clear sky and light winds,0,19,66,8,5,89,2023-06-25,0,Precipitation is not expected,1021,17,62,02:00,1,Poor,0,Clear Sky,Light winds from the south,S,S,Southerly,6,4,2023-06-20T10:54:00+01:00,2023-06-20T17:00:12.346+01:00,2653822,Cardiff
A clear sky and light winds,0,19,65,8,5,89,2023-06-25,0,Precipitation is not expected,1020,17,62,03:00,1,Moderate,0,Clear Sky,Light winds from the south,S,S,Southerly,5,3,2023-06-20T10:54:00+01:00,2023-06-20T17:00:12.346+01:00,2653822,Cardiff
Misty and light winds,34,18,64,9,6,91,2023-06-25,0,Precipitation is not expected,1020,16,61,04:00,1,Moderate,5,Mist,Light winds from the south,S,S,Southerly,4,3,2023-06-20T10:54:00+01:00,2023-06-20T17:00:12.346+01:00,2653822,Cardiff
Sunny and light winds,1,17,63,11,7,90,2023-06-25,0,Precipitation is not expected,1020,16,60,05:00,1,Moderate,1,Sunny,Light winds from the south,S,S,Southerly,5,3,2023-06-20T10:54:00+01:00,2023-06-20T17:00:12.346+01:00,2653822,Cardiff
Sunny and light winds,1,18,64,12,8,89,2023-06-25,0,Precipitation is not expected,1020,16,61,06:00,1,Moderate,1,Sunny,Light winds from the south,S,S,Southerly,6,4,2023-06-20T10:54:00+01:00,2023-06-20T17:00:12.346+01:00,2653822,Cardiff
Sunny and light winds,1,19,67,15,9,86,2023-06-25,0,Precipitation is not expected,1019,17,63,07:00,1,Good,1,Sunny,Light winds from the south south east,SSE,SSE,South South Easterly,7,5,2023-06-20T10:54:00+01:00,2023-06-20T17:00:12.346+01:00,2653822,Cardiff
Sunny and light winds,1,21,70,17,11,79,2023-06-25,0,Precipitation is not expected,1019,19,65,08:00,1,Good,1,Sunny,Light winds from the south south east,SSE,SSE,South South Easterly,9,6,2023-06-20T10:54:00+01:00,2023-06-20T17:00:12.346+01:00,2653822,Cardiff
Sunny and light winds,1,22,72,18,11,74,2023-06-25,0,Precipitation is not expected,1019,20,67,09:00,1,Good,1,Sunny,Light winds from the south south east,SSE,SSE,South South Easterly,12,7,2023-06-20T10:54:00+01:00,2023-06-20T17:00:12.346+01:00,2653822,Cardiff
Sunny and a gentle breeze,1,24,75,21,13,67,2023-06-25,0,Precipitation is not expected,1019,21,70,10:00,1,Good,1,Sunny,A gentle breeze from the south south east,SSE,SSE,South South Easterly,12,8,2023-06-20T10:54:00+01:00,2023-06-20T17:00:12.346+01:00,2653822,Cardiff
Sunny and a gentle breeze,1,25,78,23,14,62,2023-06-25,0,Precipitation is not expected,1018,22,72,11:00,1,Good,1,Sunny,A gentle breeze from the south,S,S,Southerly,14,9,2023-06-20T10:54:00+01:00,2023-06-20T17:00:12.346+01:00,2653822,Cardiff
Sunny and a gentle breeze,1,27,80,24,15,59,2023-06-25,0,Precipitation is not expected,1018,23,74,12:00,1,Good,1,Sunny,A gentle breeze from the south,S,S,Southerly,16,10,2023-06-20T10:54:00+01:00,2023-06-20T17:00:12.346+01:00,2653822,Cardiff
Sunny intervals and a gentle breeze,3,28,82,24,15,56,2023-06-25,0,Precipitation is not expected,1018,24,76,13:00,1,Good,3,Sunny Intervals,A gentle breeze from the south,S,S,Southerly,18,11,2023-06-20T10:54:00+01:00,2023-06-20T17:00:12.346+01:00,2653822,Cardiff
Sunny and a gentle breeze,1,28,82,25,15,56,2023-06-25,16,Low chance of precipitation,1018,24,76,14:00,1,Good,1,Sunny,A gentle breeze from the south south west,SSW,SSW,South South Westerly,19,12,2023-06-20T10:54:00+01:00,2023-06-20T17:00:12.346+01:00,2653822,Cardiff
Sunny and a gentle breeze,1,28,82,26,16,55,2023-06-25,15,Low chance of precipitation,1017,25,76,15:00,1,Good,1,Sunny,A gentle breeze from the south south west,SSW,SSW,South South Westerly,20,12,2023-06-20T10:54:00+01:00,2023-06-20T17:00:12.346+01:00,2653822,Cardiff
Sunny and a gentle breeze,1,28,83,27,17,55,2023-06-25,11,Low chance of precipitation,1017,25,77,16:00,1,Good,1,Sunny,A gentle breeze from the south south west,SSW,SSW,South South Westerly,20,12,2023-06-20T10:54:00+01:00,2023-06-20T17:00:12.346+01:00,2653822,Cardiff
Sunny and a moderate breeze,1,27,81,28,18,55,2023-06-25,12,Low chance of precipitation,1017,24,75,17:00,1,Good,1,Sunny,A moderate breeze from the south west,SW,SW,South Westerly,20,13,2023-06-20T10:54:00+01:00,2023-06-20T17:00:12.346+01:00,2653822,Cardiff
Sunny and a gentle breeze,1,26,79,30,19,57,2023-06-25,12,Low chance of precipitation,1017,23,74,18:00,1,Good,1,Sunny,A gentle breeze from the south west,SW,SW,South Westerly,20,12,2023-06-20T10:54:00+01:00,2023-06-20T17:00:12.346+01:00,2653822,Cardiff
Sunny and a gentle breeze,1,25,77,29,18,59,2023-06-25,12,Low chance of precipitation,1017,22,72,19:00,1,Good,1,Sunny,A gentle breeze from the west south west,WSW,WSW,West South Westerly,19,12,2023-06-20T10:54:00+01:00,2023-06-20T17:00:12.346+01:00,2653822,Cardiff
Sunny and a gentle breeze,1,23,74,28,17,64,2023-06-25,0,Precipitation is not expected,1018,21,70,20:00,1,Good,1,Sunny,A gentle breeze from the west south west,WSW,WSW,West South Westerly,18,11,2023-06-20T10:54:00+01:00,2023-06-20T17:00:12.346+01:00,2653822,Cardiff
Sunny and a gentle breeze,1,22,72,27,17,68,2023-06-25,0,Precipitation is not expected,1018,20,68,21:00,1,Good,1,Sunny,A gentle breeze from the west south west,WSW,WSW,West South Westerly,18,11,2023-06-20T10:54:00+01:00,2023-06-20T17:00:12.346+01:00,2653822,Cardiff
A clear sky and a gentle breeze,0,21,69,25,15,72,2023-06-25,0,Precipitation is not expected,1019,19,66,22:00,1,Good,0,Clear Sky,A gentle breeze from the west south west,WSW,WSW,West South Westerly,16,10,2023-06-20T10:54:00+01:00,2023-06-20T17:00:12.346+01:00,2653822,Cardiff
A clear sky and a gentle breeze,0,19,67,23,14,76,2023-06-25,0,Precipitation is not expected,1019,18,64,23:00,1,Good,0,Clear Sky,A gentle breeze from the west,W,W,Westerly,16,10,2023-06-20T10:54:00+01:00,2023-06-20T17:00:12.346+01:00,2653822,Cardiff
A clear sky and a gentle breeze,0,19,65,21,13,79,2023-06-26,0,Precipitation is not expected,1019,17,63,00:00,1,Good,0,Clear Sky,A gentle breeze from the west,W,W,Westerly,15,9,2023-06-20T10:54:00+01:00,2023-06-20T17:00:12.346+01:00,2653822,Cardiff
A clear sky and a gentle breeze,0,18,64,19,12,82,2023-06-26,0,Precipitation is not expected,1019,16,61,01:00,1,Good,0,Clear Sky,A gentle breeze from the west,W,W,Westerly,15,9,2023-06-20T10:54:00+01:00,2023-06-20T17:00:12.346+01:00,2653822,Cardiff
A clear sky and a gentle breeze,0,17,63,17,11,83,2023-06-26,0,Precipitation is not expected,1019,16,60,02:00,1,Good,0,Clear Sky,A gentle breeze from the west,W,W,Westerly,13,8,2023-06-20T10:54:00+01:00,2023-06-20T17:00:12.346+01:00,2653822,Cardiff
A clear sky and a gentle breeze,0,16,61,15,9,84,2023-06-26,0,Precipitation is not expected,1020,15,59,03:00,1,Good,0,Clear Sky,A gentle breeze from the west,W,W,Westerly,12,8,2023-06-20T10:54:00+01:00,2023-06-20T17:00:12.346+01:00,2653822,Cardiff
A clear sky and light winds,0,15,60,18,11,85,2023-06-26,0,Precipitation is not expected,1020,15,58,04:00,1,Good,0,Clear Sky,Light winds from the west,W,W,Westerly,11,7,2023-06-20T10:54:00+01:00,2023-06-20T17:00:12.346+01:00,2653822,Cardiff
Sunny and light winds,1,15,59,23,15,85,2023-06-26,0,Precipitation is not expected,1020,14,58,05:00,1,Good,1,Sunny,Light winds from the west,W,W,Westerly,12,7,2023-06-20T10:54:00+01:00,2023-06-20T17:00:12.346+01:00,2653822,Cardiff
Sunny and light winds,1,15,59,27,17,84,2023-06-26,0,Precipitation is not expected,1021,15,58,06:00,1,Good,1,Sunny,Light winds from the west,W,W,Westerly,12,7,2023-06-20T10:54:00+01:00,2023-06-20T17:00:12.346+01:00,2653822,Cardiff
Sunny and a gentle breeze,1,17,62,28,18,81,2023-06-26,0,Precipitation is not expected,1021,16,60,07:00,1,Good,1,Sunny,A gentle breeze from the west north west,WNW,WNW,West North Westerly,13,8,2023-06-20T10:54:00+01:00,2023-06-20T17:00:12.346+01:00,2653822,Cardiff
Sunny and a gentle breeze,1,18,65,29,18,74,2023-06-26,0,Precipitation is not expected,1021,17,63,08:00,1,Good,1,Sunny,A gentle breeze from the west north west,WNW,WNW,West North Westerly,15,9,2023-06-20T10:54:00+01:00,2023-06-20T17:00:12.346+01:00,2653822,Cardiff
Sunny and a gentle breeze,1,19,66,31,19,70,2023-06-26,0,Precipitation is not expected,1022,18,64,09:00,1,Good,1,Sunny,A gentle breeze from the west north west,WNW,WNW,West North Westerly,17,11,2023-06-20T10:54:00+01:00,2023-06-20T17:00:12.346+01:00,2653822,Cardiff
Sunny and a gentle breeze,1,20,68,32,20,63,2023-06-26,0,Precipitation is not expected,1022,19,66,10:00,1,Good,1,Sunny,A gentle breeze from the west north west,WNW,WNW,West North Westerly,19,12,2023-06-20T10:54:00+01:00,2023-06-20T17:00:12.346+01:00,2653822,Cardiff
Sunny and a moderate breeze,1,21,69,34,21,60,2023-06-26,0,Precipitation is not expected,1022,19,67,11:00,1,Good,1,Sunny,A moderate breeze from the west,W,W,Westerly,21,13,2023-06-20T10:54:00+01:00,2023-06-20T17:00:12.346+01:00,2653822,Cardiff
Sunny intervals and a moderate breeze,3,22,72,35,22,55,2023-06-26,0,Precipitation is not expected,1022,21,69,12:00,1,Good,3,Sunny Intervals,A moderate breeze from the west,W,W,Westerly,22,14,2023-06-20T10:54:00+01:00,2023-06-20T17:00:12.346+01:00,2653822,Cardiff
Sunny intervals and a moderate breeze,3,23,73,34,21,51,2023-06-26,0,Precipitation is not expected,1023,21,70,13:00,1,Good,3,Sunny Intervals,A moderate breeze from the west,W,W,Westerly,24,15,2023-06-20T10:54:00+01:00,2023-06-20T17:00:12.346+01:00,2653822,Cardiff
Sunny intervals and a moderate breeze,3,23,73,36,22,51,2023-06-26,0,Precipitation is not expected,1023,21,71,14:00,1,Good,3,Sunny Intervals,A moderate breeze from the west,W,W,Westerly,25,15,2023-06-20T10:54:00+01:00,2023-06-20T17:00:12.346+01:00,2653822,Cardiff
Sunny intervals and a moderate breeze,3,23,74,38,24,49,2023-06-26,0,Precipitation is not expected,1023,22,71,15:00,1,Good,3,Sunny Intervals,A moderate breeze from the west,W,W,Westerly,25,16,2023-06-20T10:54:00+01:00,2023-06-20T17:00:12.346+01:00,2653822,Cardiff
Sunny intervals and a moderate breeze,3,23,74,38,24,48,2023-06-26,0,Precipitation is not expected,1023,22,72,16:00,1,Good,3,Sunny Intervals,A moderate breeze from the west,W,W,Westerly,25,16,2023-06-20T10:54:00+01:00,2023-06-20T17:00:12.346+01:00,2653822,Cardiff
Sunny intervals and a moderate breeze,3,23,73,39,24,49,2023-06-26,0,Precipitation is not expected,1023,22,71,17:00,1,Good,3,Sunny Intervals,A moderate breeze from the west,W,W,Westerly,25,16,2023-06-20T10:54:00+01:00,2023-06-20T17:00:12.346+01:00,2653822,Cardiff
Sunny intervals and a moderate breeze,3,22,72,39,24,53,2023-06-26,0,Precipitation is not expected,1023,21,69,18:00,1,Good,3,Sunny Intervals,A moderate breeze from the west,W,W,Westerly,26,16,2023-06-20T10:54:00+01:00,2023-06-20T17:00:12.346+01:00,2653822,Cardiff
Sunny intervals and a moderate breeze,3,21,71,35,22,56,2023-06-26,0,Precipitation is not expected,1023,20,69,19:00,1,Good,3,Sunny Intervals,A moderate breeze from the west,W,W,Westerly,23,14,2023-06-20T10:54:00+01:00,2023-06-20T17:00:12.346+01:00,2653822,Cardiff
Sunny intervals and a moderate breeze,3,21,69,29,18,60,2023-06-26,10,Low chance of precipitation,1023,20,67,20:00,1,Good,3,Sunny Intervals,A moderate breeze from the west,W,W,Westerly,21,13,2023-06-20T10:54:00+01:00,2023-06-20T17:00:12.346+01:00,2653822,Cardiff
Sunny intervals and a gentle breeze,3,20,68,24,15,66,2023-06-26,10,Low chance of precipitation,1023,19,66,21:00,1,Good,3,Sunny Intervals,A gentle breeze from the west,W,W,Westerly,18,11,2023-06-20T10:54:00+01:00,2023-06-20T17:00:12.346+01:00,2653822,Cardiff
Partly cloudy and a gentle breeze,2,19,65,23,14,71,2023-06-26,10,Low chance of precipitation,1024,17,63,22:00,1,Good,2,Partly Cloudy,A gentle breeze from the west,W,W,Westerly,16,10,2023-06-20T10:54:00+01:00,2023-06-20T17:00:12.346+01:00,2653822,Cardiff
Partly cloudy and a gentle breeze,2,18,64,21,13,75,2023-06-26,10,Low chance of precipitation,1024,17,62,23:00,1,Good,2,Partly Cloudy,A gentle breeze from the west,W,W,Westerly,16,10,2023-06-20T10:54:00+01:00,2023-06-20T17:00:12.346+01:00,2653822,Cardiff
Partly cloudy and a gentle breeze,2,17,63,20,12,79,2023-06-27,10,Low chance of precipitation,1024,16,61,00:00,1,Good,2,Partly Cloudy,A gentle breeze from the west,W,W,Westerly,15,9,2023-06-20T10:54:00+01:00,2023-06-20T17:00:12.346+01:00,2653822,Cardiff
Partly cloudy and a gentle breeze,2,17,63,19,12,83,2023-06-27,10,Low chance of precipitation,1024,16,60,01:00,1,Good,2,Partly Cloudy,A gentle breeze from the west,W,W,Westerly,14,9,2023-06-20T10:54:00+01:00,2023-06-20T17:00:12.346+01:00,2653822,Cardiff
Partly cloudy and a gentle breeze,2,16,62,19,12,85,2023-06-27,21,Low chance of precipitation,1023,15,60,02:00,1,Good,2,Partly Cloudy,A gentle breeze from the west,W,W,Westerly,14,9,2023-06-20T10:54:00+01:00,2023-06-20T17:00:12.346+01:00,2653822,Cardiff
Partly cloudy and a gentle breeze,2,16,60,18,11,86,2023-06-27,21,Low chance of precipitation,1023,15,59,03:00,1,Good,2,Partly Cloudy,A gentle breeze from the west,W,W,Westerly,13,8,2023-06-20T10:54:00+01:00,2023-06-20T17:00:12.346+01:00,2653822,Cardiff
Partly cloudy and a gentle breeze,2,15,60,18,11,89,2023-06-27,21,Low chance of precipitation,1023,15,58,04:00,1,Good,2,Partly Cloudy,A gentle breeze from the west,W,W,Westerly,13,8,2023-06-20T10:54:00+01:00,2023-06-20T17:00:12.346+01:00,2653822,Cardiff
Sunny intervals and a gentle breeze,3,15,59,19,12,87,2023-06-27,0,Precipitation is not expected,1023,15,58,05:00,1,Good,3,Sunny Intervals,A gentle breeze from the west,W,W,Westerly,13,8,2023-06-20T10:54:00+01:00,2023-06-20T17:00:12.346+01:00,2653822,Cardiff
Light cloud and a gentle breeze,7,16,60,19,12,87,2023-06-27,0,Precipitation is not expected,1023,15,59,06:00,1,Good,7,Light Cloud,A gentle breeze from the west south west,WSW,WSW,West South Westerly,12,8,2023-06-20T10:54:00+01:00,2023-06-20T17:00:12.346+01:00,2653822,Cardiff
Light cloud and light winds,7,18,64,23,14,83,2023-06-27,0,Precipitation is not expected,1023,16,61,07:00,1,Good,7,Light Cloud,Light winds from the west south west,WSW,WSW,West South Westerly,12,7,2023-06-20T10:54:00+01:00,2023-06-20T17:00:12.346+01:00,2653822,Cardiff
Light cloud and a gentle breeze,7,19,66,27,17,77,2023-06-27,14,Low chance of precipitation,1023,17,63,08:00,1,Good,7,Light Cloud,A gentle breeze from the west,W,W,Westerly,15,9,2023-06-20T10:54:00+01:00,2023-06-20T17:00:12.346+01:00,2653822,Cardiff
Light cloud and a gentle breeze,7,20,68,31,19,71,2023-06-27,15,Low chance of precipitation,1023,18,65,09:00,1,Good,7,Light Cloud,A gentle breeze from the west,W,W,Westerly,18,11,2023-06-20T10:54:00+01:00,2023-06-20T17:00:12.346+01:00,2653822,Cardiff
Sunny intervals and a gentle breeze,3,21,69,34,21,66,2023-06-27,15,Low chance of precipitation,1023,19,67,10:00,1,Good,3,Sunny Intervals,A gentle breeze from the west,W,W,Westerly,19,12,2023-06-20T10:54:00+01:00,2023-06-20T17:00:12.346+01:00,2653822,Cardiff
Light rain showers and a moderate breeze,10,22,72,36,22,60,2023-06-27,38,Chance of precipitation,1023,21,69,11:00,1,Good,10,Light Rain Showers,A moderate breeze from the west,W,W,Westerly,22,14,2023-06-20T10:54:00+01:00,2023-06-20T17:00:12.346+01:00,2653822,Cardiff
Light rain showers and a moderate breeze,10,23,74,38,24,59,2023-06-27,38,Chance of precipitation,1023,21,70,12:00,1,Good,10,Light Rain Showers,A moderate breeze from the west south west,WSW,WSW,West South Westerly,23,14,2023-06-20T10:54:00+01:00,2023-06-20T17:00:12.346+01:00,2653822,Cardiff
Sunny intervals and a moderate breeze,3,24,75,34,21,57,2023-06-27,24,Low chance of precipitation,1023,22,71,13:00,1,Good,3,Sunny Intervals,A moderate breeze from the west,W,W,Westerly,24,15,2023-06-20T10:54:00+01:00,2023-06-20T17:00:12.346+01:00,2653822,Cardiff
Sunny intervals and a moderate breeze,3,24,76,34,21,58,2023-06-27,0,Precipitation is not expected,1022,22,72,14:00,1,Good,3,Sunny Intervals,A moderate breeze from the west,W,W,Westerly,25,15,2023-06-20T10:54:00+01:00,2023-06-20T17:00:12.346+01:00,2653822,Cardiff
Sunny intervals and a moderate breeze,3,25,77,34,21,56,2023-06-27,0,Precipitation is not expected,1022,23,73,15:00,1,Good,3,Sunny Intervals,A moderate breeze from the west,W,W,Westerly,25,15,2023-06-20T10:54:00+01:00,2023-06-20T17:00:12.346+01:00,2653822,Cardiff
Sunny intervals and a moderate breeze,3,25,77,34,21,55,2023-06-27,0,Precipitation is not expected,1022,23,73,16:00,1,Good,3,Sunny Intervals,A moderate breeze from the west,W,W,Westerly,26,16,2023-06-20T10:54:00+01:00,2023-06-20T17:00:12.346+01:00,2653822,Cardiff
Sunny intervals and a moderate breeze,3,25,77,33,21,56,2023-06-27,0,Precipitation is not expected,1022,23,73,17:00,1,Good,3,Sunny Intervals,A moderate breeze from the west,W,W,Westerly,25,15,2023-06-20T10:54:00+01:00,2023-06-20T17:00:12.346+01:00,2653822,Cardiff
Sunny intervals and a moderate breeze,3,24,75,32,20,61,2023-06-27,0,Precipitation is not expected,1022,21,71,18:00,1,Good,3,Sunny Intervals,A moderate breeze from the west,W,W,Westerly,24,15,2023-06-20T10:54:00+01:00,2023-06-20T17:00:12.346+01:00,2653822,Cardiff
Sunny intervals and a moderate breeze,3,23,74,29,18,63,2023-06-27,0,Precipitation is not expected,1022,21,70,19:00,1,Good,3,Sunny Intervals,A moderate breeze from the west,W,W,Westerly,22,14,2023-06-20T10:54:00+01:00,2023-06-20T17:00:12.346+01:00,2653822,Cardiff
Sunny intervals and a moderate breeze,3,23,73,25,15,66,2023-06-27,0,Precipitation is not expected,1022,20,69,20:00,1,Good,3,Sunny Intervals,A moderate breeze from the west,W,W,Westerly,21,13,2023-06-20T10:54:00+01:00,2023-06-20T17:00:12.346+01:00,2653822,Cardiff
Sunny intervals and a gentle breeze,3,22,71,22,14,71,2023-06-27,0,Precipitation is not expected,1022,19,67,21:00,1,Good,3,Sunny Intervals,A gentle breeze from the west,W,W,Westerly,18,11,2023-06-20T10:54:00+01:00,2023-06-20T17:00:12.346+01:00,2653822,Cardiff
Partly cloudy and a gentle breeze,2,21,69,21,13,75,2023-06-27,0,Precipitation is not expected,1022,19,65,22:00,1,Good,2,Partly Cloudy,A gentle breeze from the west,W,W,Westerly,16,10,2023-06-20T10:54:00+01:00,2023-06-20T17:00:12.346+01:00,2653822,Cardiff
Partly cloudy and a gentle breeze,2,20,67,21,13,79,2023-06-27,0,Precipitation is not expected,1022,18,64,23:00,1,Good,2,Partly Cloudy,A gentle breeze from the west,W,W,Westerly,17,10,2023-06-20T10:54:00+01:00,2023-06-20T17:00:12.346+01:00,2653822,Cardiff
Partly cloudy and a gentle breeze,2,19,67,20,13,81,2023-06-28,0,Precipitation is not expected,1022,17,63,00:00,1,Good,2,Partly Cloudy,A gentle breeze from the west,W,W,Westerly,15,9,2023-06-20T10:54:00+01:00,2023-06-20T17:00:12.346+01:00,2653822,Cardiff
Partly cloudy and a gentle breeze,2,19,66,19,12,83,2023-06-28,0,Precipitation is not expected,1022,17,63,01:00,1,Good,2,Partly Cloudy,A gentle breeze from the west,W,W,Westerly,14,9,2023-06-20T10:54:00+01:00,2023-06-20T17:00:12.346+01:00,2653822,Cardiff
Partly cloudy and a gentle breeze,2,18,65,19,12,85,2023-06-28,0,Precipitation is not expected,1022,17,62,02:00,1,Good,2,Partly Cloudy,A gentle breeze from the west,W,W,Westerly,13,8,2023-06-20T10:54:00+01:00,2023-06-20T17:00:12.346+01:00,2653822,Cardiff
A clear sky and a gentle breeze,0,17,63,20,12,87,2023-06-28,0,Precipitation is not expected,1021,16,61,03:00,1,Good,0,Clear Sky,A gentle breeze from the west,W,W,Westerly,13,8,2023-06-20T10:54:00+01:00,2023-06-20T17:00:12.346+01:00,2653822,Cardiff
A clear sky and a gentle breeze,0,17,63,19,12,87,2023-06-28,0,Precipitation is not expected,1021,16,60,04:00,1,Good,0,Clear Sky,A gentle breeze from the west,W,W,Westerly,12,8,2023-06-20T10:54:00+01:00,2023-06-20T17:00:12.346+01:00,2653822,Cardiff
Sunny and light winds,1,17,62,19,12,87,2023-06-28,0,Precipitation is not expected,1021,15,60,05:00,1,Good,1,Sunny,Light winds from the west north west,WNW,WNW,West North Westerly,12,7,2023-06-20T10:54:00+01:00,2023-06-20T17:00:12.346+01:00,2653822,Cardiff
Sunny and light winds,1,17,62,18,11,87,2023-06-28,0,Precipitation is not expected,1021,15,60,06:00,1,Good,1,Sunny,Light winds from the west north west,WNW,WNW,West North Westerly,12,7,2023-06-20T17:00:12+01:00,2023-06-20T17:00:12.346+01:00,2653822,Cardiff
Sunny and light winds,1,18,65,18,11,85,2023-06-28,0,Precipitation is not expected,1021,17,62,07:00,1,Good,1,Sunny,Light winds from the west north west,WNW,WNW,West North Westerly,12,7,2023-06-20T17:00:12+01:00,2023-06-20T17:00:12.346+01:00,2653822,Cardiff
Sunny and a gentle breeze,1,20,67,18,11,77,2023-06-28,0,Precipitation is not expected,1021,18,64,08:00,1,Good,1,Sunny,A gentle breeze from the west north west,WNW,WNW,West North Westerly,13,8,2023-06-20T17:00:12+01:00,2023-06-20T17:00:12.346+01:00,2653822,Cardiff
Sunny intervals and a gentle breeze,3,21,69,18,11,73,2023-06-28,0,Precipitation is not expected,1022,19,65,09:00,1,Good,3,Sunny Intervals,A gentle breeze from the west north west,WNW,WNW,West North Westerly,14,9,2023-06-20T17:00:12+01:00,2023-06-20T17:00:12.346+01:00,2653822,Cardiff
Sunny intervals and a gentle breeze,3,21,70,18,11,67,2023-06-28,0,Precipitation is not expected,1022,19,67,10:00,1,Good,3,Sunny Intervals,A gentle breeze from the west,W,W,Westerly,15,9,2023-06-20T17:00:12+01:00,2023-06-20T17:00:12.346+01:00,2653822,Cardiff
Sunny intervals and a gentle breeze,3,22,71,19,12,63,2023-06-28,0,Precipitation is not expected,1022,20,68,11:00,1,Good,3,Sunny Intervals,A gentle breeze from the west,W,W,Westerly,16,10,2023-06-20T17:00:12+01:00,2023-06-20T17:00:12.346+01:00,2653822,Cardiff
Sunny intervals and a gentle breeze,3,23,74,21,13,59,2023-06-28,0,Precipitation is not expected,1022,21,71,12:00,1,Good,3,Sunny Intervals,A gentle breeze from the west south west,WSW,WSW,West South Westerly,17,10,2023-06-20T17:00:12+01:00,2023-06-20T17:00:12.346+01:00,2653822,Cardiff
Light cloud and a gentle breeze,7,24,75,22,14,56,2023-06-28,0,Precipitation is not expected,1022,22,71,13:00,1,Good,7,Light Cloud,A gentle breeze from the west south west,WSW,WSW,West South Westerly,18,11,2023-06-20T17:00:12+01:00,2023-06-20T17:00:12.346+01:00,2653822,Cardiff
Sunny intervals and a gentle breeze,3,24,76,21,13,56,2023-06-28,0,Precipitation is not expected,1021,22,72,14:00,1,Good,3,Sunny Intervals,A gentle breeze from the west south west,WSW,WSW,West South Westerly,19,12,2023-06-20T17:00:12+01:00,2023-06-20T17:00:12.346+01:00,2653822,Cardiff
Sunny intervals and a gentle breeze,3,25,77,21,13,54,2023-06-28,0,Precipitation is not expected,1021,23,73,15:00,1,Good,3,Sunny Intervals,A gentle breeze from the west,W,W,Westerly,18,11,2023-06-20T17:00:12+01:00,2023-06-20T17:00:12.346+01:00,2653822,Cardiff
Sunny intervals and a gentle breeze,3,25,77,21,13,52,2023-06-28,0,Precipitation is not expected,1021,23,73,16:00,1,Good,3,Sunny Intervals,A gentle breeze from the west,W,W,Westerly,19,12,2023-06-20T17:00:12+01:00,2023-06-20T17:00:12.346+01:00,2653822,Cardiff
Sunny intervals and a gentle breeze,3,25,77,21,13,53,2023-06-28,0,Precipitation is not expected,1021,23,73,17:00,1,Good,3,Sunny Intervals,A gentle breeze from the west,W,W,Westerly,19,12,2023-06-20T17:00:12+01:00,2023-06-20T17:00:12.346+01:00,2653822,Cardiff
Sunny intervals and a gentle breeze,3,23,74,21,13,56,2023-06-28,0,Precipitation is not expected,1021,22,71,18:00,1,Good,3,Sunny Intervals,A gentle breeze from the west,W,W,Westerly,18,11,2023-06-20T17:00:12+01:00,2023-06-20T17:00:12.346+01:00,2653822,Cardiff
Sunny and a gentle breeze,1,23,73,19,12,57,2023-06-28,0,Precipitation is not expected,1021,21,70,19:00,1,Good,1,Sunny,A gentle breeze from the west,W,W,Westerly,17,11,2023-06-20T17:00:12+01:00,2023-06-20T17:00:12.346+01:00,2653822,Cardiff
Sunny and a gentle breeze,1,22,72,16,10,61,2023-06-28,0,Precipitation is not expected,1021,20,69,20:00,1,Good,1,Sunny,A gentle breeze from the west,W,W,Westerly,16,10,2023-06-20T17:00:12+01:00,2023-06-20T17:00:12.346+01:00,2653822,Cardiff
Sunny and a gentle breeze,1,21,70,14,9,66,2023-06-28,0,Precipitation is not expected,1021,19,67,21:00,1,Good,1,Sunny,A gentle breeze from the west,W,W,Westerly,14,9,2023-06-20T17:00:12+01:00,2023-06-20T17:00:12.346+01:00,2653822,Cardiff
A clear sky and light winds,0,20,67,14,9,71,2023-06-28,0,Precipitation is not expected,1021,18,65,22:00,1,Good,0,Clear Sky,Light winds from the west,W,W,Westerly,12,7,2023-06-20T17:00:12+01:00,2023-06-20T17:00:12.346+01:00,2653822,Cardiff
A clear sky and light winds,0,19,65,12,8,75,2023-06-28,0,Precipitation is not expected,1021,17,63,23:00,1,Good,0,Clear Sky,Light winds from the west north west,WNW,WNW,West North Westerly,12,7,2023-06-20T17:00:12+01:00,2023-06-20T17:00:12.346+01:00,2653822,Cardiff
A clear sky and light winds,0,18,64,12,7,78,2023-06-29,0,Precipitation is not expected,1021,17,62,00:00,1,Good,0,Clear Sky,Light winds from the west north west,WNW,WNW,West North Westerly,10,6,2023-06-20T17:00:12+01:00,2023-06-20T17:00:12.346+01:00,2653822,Cardiff
A clear sky and light winds,0,17,63,10,6,81,2023-06-29,0,Precipitation is not expected,1021,16,61,01:00,1,Good,0,Clear Sky,Light winds from the west north west,WNW,WNW,West North Westerly,10,6,2023-06-20T17:00:12+01:00,2023-06-20T17:00:12.346+01:00,2653822,Cardiff
A clear sky and light winds,0,17,62,9,6,82,2023-06-29,0,Precipitation is not expected,1021,15,60,02:00,1,Moderate,0,Clear Sky,Light winds from the west north west,WNW,WNW,West North Westerly,9,6,2023-06-20T17:00:12+01:00,2023-06-20T17:00:12.346+01:00,2653822,Cardiff
A clear sky and light winds,0,16,61,9,5,83,2023-06-29,0,Precipitation is not expected,1021,15,59,03:00,1,Moderate,0,Clear Sky,Light winds from the west north west,WNW,WNW,West North Westerly,8,5,2023-06-20T17:00:12+01:00,2023-06-20T17:00:12.346+01:00,2653822,Cardiff
A clear sky and light winds,0,16,60,8,5,83,2023-06-29,0,Precipitation is not expected,1021,15,58,04:00,1,Moderate,0,Clear Sky,Light winds from the west north west,WNW,WNW,West North Westerly,8,5,2023-06-20T17:00:12+01:00,2023-06-20T17:00:12.346+01:00,2653822,Cardiff
Sunny and light winds,1,15,60,8,5,83,2023-06-29,0,Precipitation is not expected,1021,14,58,05:00,1,Moderate,1,Sunny,Light winds from the west north west,WNW,WNW,West North Westerly,7,4,2023-06-20T17:00:12+01:00,2023-06-20T17:00:12.346+01:00,2653822,Cardiff
Sunny and light winds,1,16,60,8,5,83,2023-06-29,0,Precipitation is not expected,1021,15,58,06:00,1,Good,1,Sunny,Light winds from the west north west,WNW,WNW,West North Westerly,7,4,2023-06-20T17:00:12+01:00,2023-06-20T17:00:12.346+01:00,2653822,Cardiff
Sunny and light winds,1,17,63,9,6,79,2023-06-29,0,Precipitation is not expected,1021,16,60,07:00,1,Good,1,Sunny,Light winds from the west north west,WNW,WNW,West North Westerly,7,5,2023-06-20T17:00:12+01:00,2023-06-20T17:00:12.346+01:00,2653822,Cardiff
Sunny and light winds,1,18,65,11,7,73,2023-06-29,0,Precipitation is not expected,1021,17,63,08:00,1,Good,1,Sunny,Light winds from the west north west,WNW,WNW,West North Westerly,8,5,2023-06-20T17:00:12+01:00,2023-06-20T17:00:12.346+01:00,2653822,Cardiff
Sunny and light winds,1,19,67,13,8,68,2023-06-29,0,Precipitation is not expected,1021,18,64,09:00,1,Good,1,Sunny,Light winds from the west north west,WNW,WNW,West North Westerly,10,6,2023-06-20T17:00:12+01:00,2023-06-20T17:00:12.346+01:00,2653822,Cardiff
Sunny and light winds,1,21,69,16,10,62,2023-06-29,0,Precipitation is not expected,1021,19,66,10:00,1,Good,1,Sunny,Light winds from the west,W,W,Westerly,12,7,2023-06-20T17:00:12+01:00,2023-06-20T17:00:12.346+01:00,2653822,Cardiff
Sunny and a gentle breeze,1,22,72,17,10,56,2023-06-29,0,Precipitation is not expected,1020,21,69,11:00,1,Good,1,Sunny,A gentle breeze from the west south west,WSW,WSW,West South Westerly,14,9,2023-06-20T17:00:12+01:00,2023-06-20T17:00:12.346+01:00,2653822,Cardiff
Sunny intervals and a gentle breeze,3,23,73,19,12,53,2023-06-29,0,Precipitation is not expected,1020,21,71,12:00,1,Good,3,Sunny Intervals,A gentle breeze from the west south west,WSW,WSW,West South Westerly,14,9,2023-06-20T17:00:12+01:00,2023-06-20T17:00:12.346+01:00,2653822,Cardiff
Sunny intervals and a gentle breeze,3,24,74,22,14,51,2023-06-29,0,Precipitation is not expected,1020,22,72,13:00,1,Good,3,Sunny Intervals,A gentle breeze from the west south west,WSW,WSW,West South Westerly,17,10,2023-06-20T17:00:12+01:00,2023-06-20T17:00:12.346+01:00,2653822,Cardiff
Sunny intervals and a gentle breeze,3,24,75,25,15,50,2023-06-29,12,Low chance of precipitation,1019,22,72,14:00,1,Good,3,Sunny Intervals,A gentle breeze from the west south west,WSW,WSW,West South Westerly,18,11,2023-06-20T17:00:12+01:00,2023-06-20T17:00:12.346+01:00,2653822,Cardiff
Sunny intervals and a gentle breeze,3,25,76,28,18,48,2023-06-29,15,Low chance of precipitation,1019,23,73,15:00,1,Good,3,Sunny Intervals,A gentle breeze from the west south west,WSW,WSW,West South Westerly,19,12,2023-06-20T17:00:12+01:00,2023-06-20T17:00:12.346+01:00,2653822,Cardiff
Sunny and a moderate breeze,1,25,77,28,17,47,2023-06-29,14,Low chance of precipitation,1019,23,74,16:00,1,Good,1,Sunny,A moderate breeze from the west south west,WSW,WSW,West South Westerly,20,13,2023-06-20T17:00:12+01:00,2023-06-20T17:00:12.346+01:00,2653822,Cardiff
Sunny and a gentle breeze,1,25,76,28,17,48,2023-06-29,0,Precipitation is not expected,1018,23,73,17:00,1,Good,1,Sunny,A gentle breeze from the west,W,W,Westerly,20,12,2023-06-20T17:00:12+01:00,2023-06-20T17:00:12.346+01:00,2653822,Cardiff
Sunny and a moderate breeze,1,24,75,27,17,49,2023-06-29,0,Precipitation is not expected,1018,22,72,18:00,1,Good,1,Sunny,A moderate breeze from the west,W,W,Westerly,20,13,2023-06-20T17:00:12+01:00,2023-06-20T17:00:12.346+01:00,2653822,Cardiff
Sunny and a gentle breeze,1,23,73,24,15,53,2023-06-29,0,Precipitation is not expected,1017,21,70,19:00,1,Good,1,Sunny,A gentle breeze from the west,W,W,Westerly,19,12,2023-06-20T17:00:12+01:00,2023-06-20T17:00:12.346+01:00,2653822,Cardiff
Sunny intervals and a gentle breeze,3,22,72,21,13,56,2023-06-29,0,Precipitation is not expected,1017,21,69,20:00,1,Good,3,Sunny Intervals,A gentle breeze from the west,W,W,Westerly,20,12,2023-06-20T17:00:12+01:00,2023-06-20T17:00:12.346+01:00,2653822,Cardiff
Sunny intervals and a gentle breeze,3,21,69,19,12,62,2023-06-29,0,Precipitation is not expected,1017,19,67,21:00,1,Good,3,Sunny Intervals,A gentle breeze from the west,W,W,Westerly,18,11,2023-06-20T17:00:12+01:00,2023-06-20T17:00:12.346+01:00,2653822,Cardiff
Partly cloudy and a gentle breeze,2,19,67,18,11,66,2023-06-29,0,Precipitation is not expected,1017,18,65,22:00,1,Good,2,Partly Cloudy,A gentle breeze from the west north west,WNW,WNW,West North Westerly,16,10,2023-06-20T17:00:12+01:00,2023-06-20T17:00:12.346+01:00,2653822,Cardiff
Partly cloudy and a gentle breeze,2,19,65,17,11,71,2023-06-29,0,Precipitation is not expected,1017,17,63,23:00,1,Good,2,Partly Cloudy,A gentle breeze from the west north west,WNW,WNW,West North Westerly,16,10,2023-06-20T17:00:12+01:00,2023-06-20T17:00:12.346+01:00,2653822,Cardiff
Partly cloudy and a gentle breeze,2,18,64,17,10,73,2023-06-30,0,Precipitation is not expected,1017,17,62,00:00,1,Good,2,Partly Cloudy,A gentle breeze from the west north west,WNW,WNW,West North Westerly,15,9,2023-06-20T17:00:12+01:00,2023-06-20T17:00:12.346+01:00,2653822,Cardiff
Partly cloudy and a gentle breeze,2,17,63,19,12,76,2023-06-30,14,Low chance of precipitation,1017,16,61,01:00,1,Good,2,Partly Cloudy,A gentle breeze from the west north west,WNW,WNW,West North Westerly,14,9,2023-06-20T17:00:12+01:00,2023-06-20T17:00:12.346+01:00,2653822,Cardiff
Partly cloudy and a gentle breeze,2,17,62,21,13,77,2023-06-30,0,Precipitation is not expected,1017,16,60,02:00,1,Good,2,Partly Cloudy,A gentle breeze from the west north west,WNW,WNW,West North Westerly,14,9,2023-06-20T17:00:12+01:00,2023-06-20T17:00:12.346+01:00,2653822,Cardiff
Partly cloudy and a gentle breeze,2,16,61,23,14,79,2023-06-30,0,Precipitation is not expected,1016,15,60,03:00,1,Good,2,Partly Cloudy,A gentle breeze from the west north west,WNW,WNW,West North Westerly,14,9,2023-06-20T17:00:12+01:00,2023-06-20T17:00:12.346+01:00,2653822,Cardiff
Light cloud and a gentle breeze,36,16,61,23,15,79,2023-06-30,0,Precipitation is not expected,1016,15,59,04:00,1,Good,7,Light Cloud,A gentle breeze from the west north west,WNW,WNW,West North Westerly,14,9,2023-06-20T17:00:12+01:00,2023-06-20T17:00:12.346+01:00,2653822,Cardiff
Light cloud and a gentle breeze,7,15,59,23,15,80,2023-06-30,16,Low chance of precipitation,1016,15,59,05:00,1,Good,7,Light Cloud,A gentle breeze from the west north west,WNW,WNW,West North Westerly,14,9,2023-06-20T17:00:12+01:00,2023-06-20T17:00:12.346+01:00,2653822,Cardiff
Sunny intervals and a gentle breeze,3,15,59,24,15,81,2023-06-30,15,Low chance of precipitation,1016,15,58,06:00,1,Good,3,Sunny Intervals,A gentle breeze from the west north west,WNW,WNW,West North Westerly,14,9,2023-06-20T17:00:12+01:00,2023-06-20T17:00:12.346+01:00,2653822,Cardiff
Light cloud and a gentle breeze,7,16,61,26,16,79,2023-06-30,11,Low chance of precipitation,1016,16,60,07:00,1,Good,7,Light Cloud,A gentle breeze from the west north west,WNW,WNW,West North Westerly,15,9,2023-06-20T17:00:12+01:00,2023-06-20T17:00:12.346+01:00,2653822,Cardiff
Sunny intervals and a gentle breeze,3,18,64,28,18,72,2023-06-30,0,Precipitation is not expected,1016,17,62,08:00,1,Good,3,Sunny Intervals,A gentle breeze from the west,W,W,Westerly,16,10,2023-06-20T17:00:12+01:00,2023-06-20T17:00:12.346+01:00,2653822,Cardiff
Sunny intervals and a gentle breeze,3,19,66,31,19,68,2023-06-30,0,Precipitation is not expected,1016,18,64,09:00,1,Good,3,Sunny Intervals,A gentle breeze from the west,W,W,Westerly,18,11,2023-06-20T17:00:12+01:00,2023-06-20T17:00:12.346+01:00,2653822,Cardiff
Sunny intervals and a gentle breeze,3,20,68,34,21,63,2023-06-30,0,Precipitation is not expected,1016,19,66,10:00,1,Good,3,Sunny Intervals,A gentle breeze from the west,W,W,Westerly,19,12,2023-06-20T17:00:12+01:00,2023-06-20T17:00:12.346+01:00,2653822,Cardiff
Sunny intervals and a moderate breeze,3,21,69,37,23,59,2023-06-30,0,Precipitation is not expected,1016,19,67,11:00,1,Good,3,Sunny Intervals,A moderate breeze from the west south west,WSW,WSW,West South Westerly,21,13,2023-06-20T17:00:12+01:00,2023-06-20T17:00:12.346+01:00,2653822,Cardiff
Sunny intervals and a moderate breeze,3,22,72,40,25,54,2023-06-30,0,Precipitation is not expected,1016,21,70,12:00,1,Good,3,Sunny Intervals,A moderate breeze from the west south west,WSW,WSW,West South Westerly,22,14,2023-06-20T17:00:12+01:00,2023-06-20T17:00:12.346+01:00,2653822,Cardiff
Sunny intervals and a moderate breeze,3,23,74,42,26,52,2023-06-30,0,Precipitation is not expected,1016,22,71,13:00,1,Good,3,Sunny Intervals,A moderate breeze from the west south west,WSW,WSW,West South Westerly,23,15,2023-06-20T17:00:12+01:00,2023-06-20T17:00:12.346+01:00,2653822,Cardiff
Sunny intervals and a moderate breeze,3,23,74,42,26,51,2023-06-30,17,Low chance of precipitation,1015,22,72,14:00,1,Good,3,Sunny Intervals,A moderate breeze from the west south west,WSW,WSW,West South Westerly,24,15,2023-06-20T17:00:12+01:00,2023-06-20T17:00:12.346+01:00,2653822,Cardiff
Sunny intervals and a moderate breeze,3,24,75,44,27,50,2023-06-30,17,Low chance of precipitation,1015,22,72,15:00,1,Good,3,Sunny Intervals,A moderate breeze from the west south west,WSW,WSW,West South Westerly,24,15,2023-06-20T17:00:12+01:00,2023-06-20T17:00:12.346+01:00,2653822,Cardiff
Light cloud and a moderate breeze,7,25,76,44,28,49,2023-06-30,17,Low chance of precipitation,1015,23,73,16:00,1,Good,7,Light Cloud,A moderate breeze from the west,W,W,Westerly,24,15,2023-06-20T17:00:12+01:00,2023-06-20T17:00:12.346+01:00,2653822,Cardiff
Light cloud and a moderate breeze,7,24,75,45,28,50,2023-06-30,20,Low chance of precipitation,1014,23,73,17:00,1,Good,7,Light Cloud,A moderate breeze from the west,W,W,Westerly,24,15,2023-06-20T17:00:12+01:00,2023-06-20T17:00:12.346+01:00,2653822,Cardiff
Light cloud and a moderate breeze,7,23,73,45,28,55,2023-06-30,20,Low chance of precipitation,1014,21,70,18:00,1,Good,7,Light Cloud,A moderate breeze from the west,W,W,Westerly,24,15,2023-06-20T17:00:12+01:00,2023-06-20T17:00:12.346+01:00,2653822,Cardiff
Light cloud and a moderate breeze,7,22,72,43,27,56,2023-06-30,20,Low chance of precipitation,1014,21,69,19:00,1,Good,7,Light Cloud,A moderate breeze from the west,W,W,Westerly,23,15,2023-06-20T17:00:12+01:00,2023-06-20T17:00:12.346+01:00,2653822,Cardiff
Light cloud and a moderate breeze,7,22,71,42,26,60,2023-06-30,19,Low chance of precipitation,1014,20,69,20:00,1,Good,7,Light Cloud,A moderate breeze from the west,W,W,Westerly,22,14,2023-06-20T17:00:12+01:00,2023-06-20T17:00:12.346+01:00,2653822,Cardiff
Light cloud and a gentle breeze,7,21,70,41,26,66,2023-06-30,19,Low chance of precipitation,1014,19,67,21:00,1,Good,7,Light Cloud,A gentle breeze from the west,W,W,Westerly,20,12,2023-06-20T17:00:12+01:00,2023-06-20T17:00:12.346+01:00,2653822,Cardiff
Light cloud and a gentle breeze,36,20,68,41,26,69,2023-06-30,19,Low chance of precipitation,1014,18,65,22:00,1,Good,7,Light Cloud,A gentle breeze from the west,W,W,Westerly,18,11,2023-06-20T17:00:12+01:00,2023-06-20T17:00:12.346+01:00,2653822,Cardiff
Drizzle and a gentle breeze,38,19,66,41,26,74,2023-06-30,42,Chance of precipitation,1014,17,63,23:00,1,Good,11,Drizzle,A gentle breeze from the west,W,W,Westerly,18,11,2023-06-20T17:00:12+01:00,2023-06-20T17:00:12.346+01:00,2653822,Cardiff
Light cloud and a gentle breeze,36,18,65,41,26,77,2023-07-01,42,Chance of precipitation,1013,17,63,00:00,1,Moderate,7,Light Cloud,A gentle breeze from the west,W,W,Westerly,17,11,2023-06-20T17:00:12+01:00,2023-06-20T17:00:12.346+01:00,2653822,Cardiff
Light cloud and a gentle breeze,36,18,64,41,25,80,2023-07-01,42,Chance of precipitation,1013,17,62,01:00,1,Moderate,7,Light Cloud,A gentle breeze from the west south west,WSW,WSW,West South Westerly,16,10,2023-06-20T17:00:12+01:00,2023-06-20T17:00:12.346+01:00,2653822,Cardiff
Light rain and a gentle breeze,39,17,63,41,25,81,2023-07-01,50,Chance of precipitation,1013,16,61,02:00,1,Moderate,12,Light Rain,A gentle breeze from the west south west,WSW,WSW,West South Westerly,15,9,2023-06-20T17:00:12+01:00,2023-06-20T17:00:12.346+01:00,2653822,Cardiff
Light rain and a gentle breeze,39,17,62,40,25,82,2023-07-01,50,Chance of precipitation,1012,16,60,03:00,1,Moderate,12,Light Rain,A gentle breeze from the west south west,WSW,WSW,West South Westerly,15,9,2023-06-20T17:00:12+01:00,2023-06-20T17:00:12.346+01:00,2653822,Cardiff
Light rain and a gentle breeze,39,16,61,37,23,83,2023-07-01,50,Chance of precipitation,1012,15,60,04:00,1,Moderate,12,Light Rain,A gentle breeze from the west south west,WSW,WSW,West South Westerly,14,9,2023-06-20T17:00:12+01:00,2023-06-20T17:00:12.346+01:00,2653822,Cardiff
Light rain and a gentle breeze,12,16,60,33,20,84,2023-07-01,45,Chance of precipitation,1011,15,59,05:00,1,Moderate,12,Light Rain,A gentle breeze from the west south west,WSW,WSW,West South Westerly,14,9,2023-06-20T17:00:12+01:00,2023-06-20T17:00:12.346+01:00,2653822,Cardiff
Light rain and a gentle breeze,12,16,60,29,18,86,2023-07-01,45,Chance of precipitation,1011,15,59,06:00,1,Moderate,12,Light Rain,A gentle breeze from the west south west,WSW,WSW,West South Westerly,14,9,2023-06-20T17:00:12+01:00,2023-06-20T17:00:12.346+01:00,2653822,Cardiff
Light rain and a gentle breeze,12,17,62,30,19,84,2023-07-01,45,Chance of precipitation,1010,16,60,07:00,1,Good,12,Light Rain,A gentle breeze from the west,W,W,Westerly,16,10,2023-06-20T17:00:12+01:00,2023-06-20T17:00:12.346+01:00,2653822,Cardiff
Heavy rain and a gentle breeze,15,18,65,31,19,76,2023-07-01,26,Low chance of precipitation,1010,17,62,08:00,1,Good,15,Heavy Rain,A gentle breeze from the west south west,WSW,WSW,West South Westerly,17,11,2023-06-20T17:00:12+01:00,2023-06-20T17:00:12.346+01:00,2653822,Cardiff
Heavy rain and a gentle breeze,15,19,66,31,19,71,2023-07-01,26,Low chance of precipitation,1009,18,64,09:00,1,Good,15,Heavy Rain,A gentle breeze from the west south west,WSW,WSW,West South Westerly,18,11,2023-06-20T17:00:12+01:00,2023-06-20T17:00:12.346+01:00,2653822,Cardiff
Heavy rain and a gentle breeze,15,20,67,32,20,66,2023-07-01,26,Low chance of precipitation,1009,18,65,10:00,1,Good,15,Heavy Rain,A gentle breeze from the south west,SW,SW,South Westerly,19,12,2023-06-20T17:00:12+01:00,2023-06-20T17:00:12.346+01:00,2653822,Cardiff
Light rain showers and a moderate breeze,10,21,69,33,21,62,2023-07-01,29,Low chance of precipitation,1009,19,67,11:00,1,Good,10,Light Rain Showers,A moderate breeze from the south west,SW,SW,South Westerly,21,13,2023-06-20T17:00:12+01:00,2023-06-20T17:00:12.346+01:00,2653822,Cardiff
Light rain showers and a moderate breeze,10,22,72,34,21,56,2023-07-01,29,Low chance of precipitation,1008,21,69,12:00,1,Good,10,Light Rain Showers,A moderate breeze from the south west,SW,SW,South Westerly,22,14,2023-06-20T17:00:12+01:00,2023-06-20T17:00:12.346+01:00,2653822,Cardiff
Light rain showers and a moderate breeze,10,23,73,36,22,54,2023-07-01,29,Low chance of precipitation,1008,21,70,13:00,1,Good,10,Light Rain Showers,A moderate breeze from the south west,SW,SW,South Westerly,24,15,2023-06-20T17:00:12+01:00,2023-06-20T17:00:12.346+01:00,2653822,Cardiff
Sunny intervals and a moderate breeze,3,23,73,38,24,53,2023-07-01,6,Low chance of precipitation,1008,21,71,14:00,1,Good,3,Sunny Intervals,A moderate breeze from the west south west,WSW,WSW,West South Westerly,24,15,2023-06-20T17:00:12+01:00,2023-06-20T17:00:12.346+01:00,2653822,Cardiff
Sunny intervals and a moderate breeze,3,23,74,40,25,50,2023-07-01,6,Low chance of precipitation,1009,22,71,15:00,1,Good,3,Sunny Intervals,A moderate breeze from the west south west,WSW,WSW,West South Westerly,26,16,2023-06-20T17:00:12+01:00,2023-06-20T17:00:12.346+01:00,2653822,Cardiff
Sunny and a moderate breeze,1,23,74,39,24,49,2023-07-01,6,Low chance of precipitation,1009,22,72,16:00,1,Good,1,Sunny,A moderate breeze from the west south west,WSW,WSW,West South Westerly,26,16,2023-06-20T17:00:12+01:00,2023-06-20T17:00:12.346+01:00,2653822,Cardiff
Sunny and a moderate breeze,1,23,74,37,23,49,2023-07-01,0,Precipitation is not expected,1009,22,72,17:00,1,Good,1,Sunny,A moderate breeze from the west south west,WSW,WSW,West South Westerly,26,16,2023-06-20T17:00:12+01:00,2023-06-20T17:00:12.346+01:00,2653822,Cardiff
Sunny and a moderate breeze,1,22,71,36,22,53,2023-07-01,0,Precipitation is not expected,1009,21,69,18:00,1,Good,1,Sunny,A moderate breeze from the west south west,WSW,WSW,West South Westerly,25,16,2023-06-20T17:00:12+01:00,2023-06-20T17:00:12.346+01:00,2653822,Cardiff
Sunny and a moderate breeze,1,21,71,31,19,54,2023-07-01,0,Precipitation is not expected,1009,20,69,19:00,1,Good,1,Sunny,A moderate breeze from the west south west,WSW,WSW,West South Westerly,23,15,2023-06-20T17:00:12+01:00,2023-06-20T17:00:12.346+01:00,2653822,Cardiff
Sunny and a moderate breeze,1,21,70,27,17,58,2023-07-01,0,Precipitation is not expected,1009,20,68,20:00,1,Good,1,Sunny,A moderate breeze from the west south west,WSW,WSW,West South Westerly,21,13,2023-06-20T17:00:12+01:00,2023-06-20T17:00:12.346+01:00,2653822,Cardiff
Sunny intervals and a gentle breeze,3,20,68,22,14,63,2023-07-01,0,Precipitation is not expected,1009,19,66,21:00,1,Good,3,Sunny Intervals,A gentle breeze from the west south west,WSW,WSW,West South Westerly,19,12,2023-06-20T17:00:12+01:00,2023-06-20T17:00:12.346+01:00,2653822,Cardiff
Partly cloudy and a gentle breeze,2,19,66,20,12,68,2023-07-01,0,Precipitation is not expected,1009,18,64,22:00,1,Good,2,Partly Cloudy,A gentle breeze from the west south west,WSW,WSW,West South Westerly,17,10,2023-06-20T17:00:12+01:00,2023-06-20T17:00:12.346+01:00,2653822,Cardiff
Partly cloudy and a gentle breeze,2,18,64,18,11,72,2023-07-01,0,Precipitation is not expected,1009,17,62,23:00,1,Good,2,Partly Cloudy,A gentle breeze from the west south west,WSW,WSW,West South Westerly,16,10,2023-06-20T17:00:12+01:00,2023-06-20T17:00:12.346+01:00,2653822,Cardiff
Partly cloudy and a gentle breeze,2,17,63,17,10,75,2023-07-02,0,Precipitation is not expected,1009,16,61,00:00,1,Good,2,Partly Cloudy,A gentle breeze from the west south west,WSW,WSW,West South Westerly,15,9,2023-06-20T17:00:12+01:00,2023-06-20T17:00:12.346+01:00,2653822,Cardiff
Partly cloudy and a gentle breeze,2,17,62,15,9,78,2023-07-02,0,Precipitation is not expected,1009,16,60,01:00,1,Good,2,Partly Cloudy,A gentle breeze from the south west,SW,SW,South Westerly,14,9,2023-06-20T17:00:12+01:00,2023-06-20T17:00:12.346+01:00,2653822,Cardiff
Partly cloudy and a gentle breeze,2,16,61,14,9,79,2023-07-02,13,Low chance of precipitation,1009,15,60,02:00,1,Good,2,Partly Cloudy,A gentle breeze from the south west,SW,SW,South Westerly,13,8,2023-06-20T17:00:12+01:00,2023-06-20T17:00:12.346+01:00,2653822,Cardiff
A clear sky and a gentle breeze,0,15,60,13,8,80,2023-07-02,18,Low chance of precipitation,1009,15,59,03:00,1,Good,0,Clear Sky,A gentle breeze from the west south west,WSW,WSW,West South Westerly,12,8,2023-06-20T17:00:12+01:00,2023-06-20T17:00:12.346+01:00,2653822,Cardiff
A clear sky and light winds,0,15,59,13,8,81,2023-07-02,24,Low chance of precipitation,1009,14,58,04:00,1,Moderate,0,Clear Sky,Light winds from the west south west,WSW,WSW,West South Westerly,12,7,2023-06-20T17:00:12+01:00,2023-06-20T17:00:12.346+01:00,2653822,Cardiff
Sunny and light winds,1,14,58,13,8,82,2023-07-02,0,Precipitation is not expected,1009,14,57,05:00,1,Moderate,1,Sunny,Light winds from the west south west,WSW,WSW,West South Westerly,11,7,2023-06-20T17:00:12+01:00,2023-06-20T17:00:12.346+01:00,2653822,Cardiff
Sunny and light winds,1,15,58,14,9,81,2023-07-02,0,Precipitation is not expected,1009,14,57,06:00,1,Good,1,Sunny,Light winds from the west south west,WSW,WSW,West South Westerly,11,7,2023-06-20T17:00:12+01:00,2023-06-20T17:00:12.346+01:00,2653822,Cardiff
Sunny and light winds,1,16,61,16,10,79,2023-07-02,0,Precipitation is not expected,1009,15,59,07:00,1,Good,1,Sunny,Light winds from the west,W,W,Westerly,11,7,2023-06-20T17:00:12+01:00,2023-06-20T17:00:12.346+01:00,2653822,Cardiff
Sunny and a gentle breeze,1,17,63,18,11,71,2023-07-02,0,Precipitation is not expected,1010,17,62,08:00,1,Good,1,Sunny,A gentle breeze from the west south west,WSW,WSW,West South Westerly,13,8,2023-06-20T17:00:12+01:00,2023-06-20T17:00:12.346+01:00,2653822,Cardiff
Sunny and a gentle breeze,1,18,65,19,12,66,2023-07-02,0,Precipitation is not expected,1010,17,63,09:00,1,Good,1,Sunny,A gentle breeze from the west south west,WSW,WSW,West South Westerly,15,9,2023-06-20T17:00:12+01:00,2023-06-20T17:00:12.346+01:00,2653822,Cardiff
Sunny intervals and a gentle breeze,3,19,67,21,13,61,2023-07-02,0,Precipitation is not expected,1010,18,65,10:00,1,Good,3,Sunny Intervals,A gentle breeze from the west south west,WSW,WSW,West South Westerly,17,11,2023-06-20T17:00:12+01:00,2023-06-20T17:00:12.346+01:00,2653822,Cardiff
Sunny and a gentle breeze,1,20,68,21,13,57,2023-07-02,0,Precipitation is not expected,1010,19,67,11:00,1,Good,1,Sunny,A gentle breeze from the west south west,WSW,WSW,West South Westerly,18,11,2023-06-20T17:00:12+01:00,2023-06-20T17:00:12.346+01:00,2653822,Cardiff
Sunny and a gentle breeze,1,21,69,23,14,55,2023-07-02,0,Precipitation is not expected,1010,20,68,12:00,1,Good,1,Sunny,A gentle breeze from the south west,SW,SW,South Westerly,18,11,2023-06-20T17:00:12+01:00,2023-06-20T17:00:12.346+01:00,2653822,Cardiff
Sunny and a gentle breeze,1,22,72,23,15,50,2023-07-02,0,Precipitation is not expected,1010,21,70,13:00,1,Good,1,Sunny,A gentle breeze from the south west,SW,SW,South Westerly,20,12,2023-06-20T17:00:12+01:00,2023-06-20T17:00:12.346+01:00,2653822,Cardiff
Sunny and a moderate breeze,1,22,72,24,15,50,2023-07-02,0,Precipitation is not expected,1010,21,70,14:00,1,Good,1,Sunny,A moderate breeze from the west south west,WSW,WSW,West South Westerly,21,13,2023-06-20T17:00:12+01:00,2023-06-20T17:00:12.346+01:00,2653822,Cardiff
Sunny and a moderate breeze,1,23,73,26,16,49,2023-07-02,0,Precipitation is not expected,1010,22,71,15:00,1,Good,1,Sunny,A moderate breeze from the west south west,WSW,WSW,West South Westerly,21,13,2023-06-20T17:00:12+01:00,2023-06-20T17:00:12.346+01:00,2653822,Cardiff
Sunny and a moderate breeze,1,23,73,29,18,48,2023-07-02,0,Precipitation is not expected,1010,22,71,16:00,1,Good,1,Sunny,A moderate breeze from the west south west,WSW,WSW,West South Westerly,22,14,2023-06-20T17:00:12+01:00,2023-06-20T17:00:12.346+01:00,2653822,Cardiff
Sunny and a moderate breeze,1,23,73,31,19,48,2023-07-02,0,Precipitation is not expected,1011,22,71,17:00,1,Good,1,Sunny,A moderate breeze from the west south west,WSW,WSW,West South Westerly,22,14,2023-06-20T17:00:12+01:00,2023-06-20T17:00:12.346+01:00,2653822,Cardiff
Sunny and a moderate breeze,1,22,71,34,21,51,2023-07-02,0,Precipitation is not expected,1011,21,70,18:00,1,Good,1,Sunny,A moderate breeze from the west,W,W,Westerly,23,14,2023-06-20T17:00:12+01:00,2023-06-20T17:00:12.346+01:00,2653822,Cardiff
Sunny and a moderate breeze,1,21,70,27,17,52,2023-07-02,0,Precipitation is not expected,1011,20,69,19:00,1,Good,1,Sunny,A moderate breeze from the west,W,W,Westerly,22,14,2023-06-20T17:00:12+01:00,2023-06-20T17:00:12.346+01:00,2653822,Cardiff
Sunny and a gentle breeze,1,21,69,21,13,56,2023-07-02,7,Low chance of precipitation,1011,20,67,20:00,1,Good,1,Sunny,A gentle breeze from the west,W,W,Westerly,19,12,2023-06-20T17:00:12+01:00,2023-06-20T17:00:12.346+01:00,2653822,Cardiff
Sunny and a gentle breeze,1,19,67,16,10,62,2023-07-02,7,Low chance of precipitation,1011,18,65,21:00,1,Good,1,Sunny,A gentle breeze from the west,W,W,Westerly,16,10,2023-06-20T17:00:12+01:00,2023-06-20T17:00:12.346+01:00,2653822,Cardiff
A clear sky and a gentle breeze,0,18,64,16,10,68,2023-07-02,7,Low chance of precipitation,1012,17,63,22:00,1,Good,0,Clear Sky,A gentle breeze from the west,W,W,Westerly,14,9,2023-06-20T17:00:12+01:00,2023-06-20T17:00:12.346+01:00,2653822,Cardiff
A clear sky and a gentle breeze,0,17,63,15,9,73,2023-07-02,6,Low chance of precipitation,1012,16,61,23:00,1,Good,0,Clear Sky,A gentle breeze from the west,W,W,Westerly,14,9,2023-06-20T17:00:12+01:00,2023-06-20T17:00:12.346+01:00,2653822,Cardiff
A clear sky and a gentle breeze,0,16,61,15,9,76,2023-07-03,6,Low chance of precipitation,1012,15,60,00:00,1,Good,0,Clear Sky,A gentle breeze from the west,W,W,Westerly,13,8,2023-06-20T17:00:12+01:00,2023-06-20T17:00:12.346+01:00,2653822,Cardiff
A clear sky and a gentle breeze,0,16,60,14,9,79,2023-07-03,6,Low chance of precipitation,1012,15,59,01:00,1,Good,0,Clear Sky,A gentle breeze from the west,W,W,Westerly,13,8,2023-06-20T17:00:12+01:00,2023-06-20T17:00:12.346+01:00,2653822,Cardiff
A clear sky and a gentle breeze,0,15,59,13,8,80,2023-07-03,9,Low chance of precipitation,1013,15,58,02:00,1,Good,0,Clear Sky,A gentle breeze from the west,W,W,Westerly,12,8,2023-06-20T17:00:12+01:00,2023-06-20T17:00:12.346+01:00,2653822,Cardiff
A clear sky and light winds,0,15,58,13,8,82,2023-07-03,9,Low chance of precipitation,1013,14,57,03:00,1,Good,0,Clear Sky,Light winds from the west,W,W,Westerly,12,7,2023-06-20T17:00:12+01:00,2023-06-20T17:00:12.346+01:00,2653822,Cardiff
A clear sky and light winds,0,14,58,17,11,84,2023-07-03,9,Low chance of precipitation,1013,14,57,04:00,1,Good,0,Clear Sky,Light winds from the west,W,W,Westerly,11,7,2023-06-20T17:00:12+01:00,2023-06-20T17:00:12.346+01:00,2653822,Cardiff
A clear sky and light winds,0,14,57,22,14,85,2023-07-03,7,Low chance of precipitation,1013,14,57,05:00,1,Good,0,Clear Sky,Light winds from the west,W,W,Westerly,12,7,2023-06-20T17:00:12+01:00,2023-06-20T17:00:12.346+01:00,2653822,Cardiff
Sunny and light winds,1,14,57,27,17,84,2023-07-03,7,Low chance of precipitation,1013,14,57,06:00,1,Good,1,Sunny,Light winds from the west,W,W,Westerly,12,7,2023-06-20T17:00:12+01:00,2023-06-20T17:00:12.346+01:00,2653822,Cardiff
Sunny and a gentle breeze,1,16,60,27,17,81,2023-07-03,7,Low chance of precipitation,1013,15,59,07:00,1,Good,1,Sunny,A gentle breeze from the west,W,W,Westerly,13,8,2023-06-20T17:00:12+01:00,2023-06-20T17:00:12.346+01:00,2653822,Cardiff
Sunny intervals and a gentle breeze,3,17,63,27,17,73,2023-07-03,0,Precipitation is not expected,1013,16,61,08:00,1,Good,3,Sunny Intervals,A gentle breeze from the west,W,W,Westerly,15,9,2023-06-20T17:00:12+01:00,2023-06-20T17:00:12.346+01:00,2653822,Cardiff
Sunny intervals and a gentle breeze,3,18,65,26,16,67,2023-07-03,0,Precipitation is not expected,1013,17,63,09:00,1,Good,3,Sunny Intervals,A gentle breeze from the west,W,W,Westerly,16,10,2023-06-20T17:00:12+01:00,2023-06-20T17:00:12.346+01:00,2653822,Cardiff
Sunny intervals and a gentle breeze,3,19,67,26,16,61,2023-07-03,0,Precipitation is not expected,1014,19,65,10:00,1,Good,3,Sunny Intervals,A gentle breeze from the west,W,W,Westerly,18,11,2023-06-20T17:00:12+01:00,2023-06-20T17:00:12.346+01:00,2653822,Cardiff
Sunny intervals and a gentle breeze,3,20,69,26,16,56,2023-07-03,0,Precipitation is not expected,1014,19,67,11:00,1,Good,3,Sunny Intervals,A gentle breeze from the west,W,W,Westerly,18,11,2023-06-20T17:00:12+01:00,2023-06-20T17:00:12.346+01:00,2653822,Cardiff
Sunny intervals and a gentle breeze,3,22,72,26,16,51,2023-07-03,0,Precipitation is not expected,1014,21,70,12:00,1,Good,3,Sunny Intervals,A gentle breeze from the west south west,WSW,WSW,West South Westerly,20,12,2023-06-20T17:00:12+01:00,2023-06-20T17:00:12.346+01:00,2653822,Cardiff
Sunny intervals and a moderate breeze,3,23,73,27,17,47,2023-07-03,0,Precipitation is not expected,1014,22,71,13:00,1,Good,3,Sunny Intervals,A moderate breeze from the west south west,WSW,WSW,West South Westerly,21,13,2023-06-20T17:00:12+01:00,2023-06-20T17:00:12.346+01:00,2653822,Cardiff
Sunny intervals and a moderate breeze,3,23,74,29,18,47,2023-07-03,15,Low chance of precipitation,1014,22,72,14:00,1,Good,3,Sunny Intervals,A moderate breeze from the west south west,WSW,WSW,West South Westerly,22,14,2023-06-20T17:00:12+01:00,2023-06-20T17:00:12.346+01:00,2653822,Cardiff
Sunny intervals and a moderate breeze,3,24,75,29,18,45,2023-07-03,15,Low chance of precipitation,1014,23,73,15:00,1,Good,3,Sunny Intervals,A moderate breeze from the west south west,WSW,WSW,West South Westerly,22,14,2023-06-20T17:00:12+01:00,2023-06-20T17:00:12.346+01:00,2653822,Cardiff
Sunny intervals and a moderate breeze,3,24,75,31,19,44,2023-07-03,15,Low chance of precipitation,1014,23,73,16:00,1,Good,3,Sunny Intervals,A moderate breeze from the west south west,WSW,WSW,West South Westerly,22,14,2023-06-20T17:00:12+01:00,2023-06-20T17:00:12.346+01:00,2653822,Cardiff
Sunny and a moderate breeze,1,23,74,32,20,46,2023-07-03,14,Low chance of precipitation,1014,22,72,17:00,1,Good,1,Sunny,A moderate breeze from the west,W,W,Westerly,23,14,2023-06-20T17:00:12+01:00,2023-06-20T17:00:12.346+01:00,2653822,Cardiff
Sunny and a moderate breeze,1,22,72,33,20,49,2023-07-03,14,Low chance of precipitation,1014,21,70,18:00,1,Good,1,Sunny,A moderate breeze from the west south west,WSW,WSW,West South Westerly,22,14,2023-06-20T17:00:12+01:00,2023-06-20T17:00:12.346+01:00,2653822,Cardiff
Sunny and a moderate breeze,1,21,71,27,17,51,2023-07-03,14,Low chance of precipitation,1014,21,69,19:00,1,Good,1,Sunny,A moderate breeze from the west south west,WSW,WSW,West South Westerly,22,14,2023-06-20T17:00:12+01:00,2023-06-20T17:00:12.346+01:00,2653822,Cardiff
Sunny and a gentle breeze,1,21,69,22,14,55,2023-07-03,6,Low chance of precipitation,1014,20,68,20:00,1,Good,1,Sunny,A gentle breeze from the west,W,W,Westerly,19,12,2023-06-20T17:00:12+01:00,2023-06-20T17:00:12.346+01:00,2653822,Cardiff
Sunny and a gentle breeze,1,20,67,17,11,61,2023-07-03,6,Low chance of precipitation,1015,19,65,21:00,1,Good,1,Sunny,A gentle breeze from the west,W,W,Westerly,17,11,2023-06-20T17:00:12+01:00,2023-06-20T17:00:12.346+01:00,2653822,Cardiff
Partly cloudy and a gentle breeze,2,18,65,16,10,67,2023-07-03,6,Low chance of precipitation,1015,17,63,22:00,1,Good,2,Partly Cloudy,A gentle breeze from the west,W,W,Westerly,14,9,2023-06-20T17:00:12+01:00,2023-06-20T17:00:12.346+01:00,2653822,Cardiff
Partly cloudy and a gentle breeze,2,17,63,16,10,72,2023-07-03,10,Low chance of precipitation,1015,16,61,23:00,1,Good,2,Partly Cloudy,A gentle breeze from the west,W,W,Westerly,14,9,2023-06-20T17:00:12+01:00,2023-06-20T17:00:12.346+01:00,2653822,Cardiff
Partly cloudy and a gentle breeze,2,16,61,15,9,75,2023-07-04,10,Low chance of precipitation,1015,16,60,00:00,1,Good,2,Partly Cloudy,A gentle breeze from the west,W,W,Westerly,13,8,2023-06-20T17:00:12+01:00,2023-06-20T17:00:12.346+01:00,2653822,Cardiff
A clear sky and a gentle breeze,0,16,60,14,9,78,2023-07-04,10,Low chance of precipitation,1015,15,59,01:00,1,Good,0,Clear Sky,A gentle breeze from the west,W,W,Westerly,13,8,2023-06-20T17:00:12+01:00,2023-06-20T17:00:12.346+01:00,2653822,Cardiff
Partly cloudy and a gentle breeze,2,15,59,13,8,79,2023-07-04,11,Low chance of precipitation,1015,15,58,02:00,1,Good,2,Partly Cloudy,A gentle breeze from the west,W,W,Westerly,12,8,2023-06-20T17:00:12+01:00,2023-06-20T17:00:12.346+01:00,2653822,Cardiff
Partly cloudy and light winds,2,14,58,12,8,81,2023-07-04,13,Low chance of precipitation,1015,14,57,03:00,1,Good,2,Partly Cloudy,Light winds from the west,W,W,Westerly,11,7,2023-06-20T17:00:12+01:00,2023-06-20T17:00:12.346+01:00,2653822,Cardiff
Partly cloudy and light winds,2,14,57,12,7,82,2023-07-04,16,Low chance of precipitation,1015,13,56,04:00,1,Good,2,Partly Cloudy,Light winds from the west,W,W,Westerly,11,7,2023-06-20T17:00:12+01:00,2023-06-20T17:00:12.346+01:00,2653822,Cardiff
Partly cloudy and light winds,2,13,56,12,7,83,2023-07-04,20,Low chance of precipitation,1015,13,56,05:00,1,Good,2,Partly Cloudy,Light winds from the west,W,W,Westerly,10,6,2023-06-20T17:00:12+01:00,2023-06-20T17:00:12.346+01:00,2653822,Cardiff
