enhancedWeatherDescription,extendedWeatherType,feelsLikeTemperatureC,feelsLikeTemperatureF,gustSpeedKph,gustSpeedMph,humidity,localDate,precipitationProbabilityInPercent,precipitationProbabilityText,pressure,temperatureC,temperatureF,timeslot,timeslotLength,visibility,weatherType,weatherTypeText,windDescription,windDirection,windDirectionAbbreviation,windDirectionFull,windSpeedKph,windSpeedMph,issueDate,lastUpdated,location_id,location_name
Partly cloudy and a gentle breeze,2,11,53,26,16,85,2024-10-30,0,Precipitation is not expected,1026,12,54,17:00,1,Good,2,Partly Cloudy,A gentle breeze from the west south west,WSW,WSW,West South Westerly,14,9,2024-10-30T09:51:00+00:00,2024-10-30T16:01:26.932Z,2650225,Edinburgh
A clear sky and a gentle breeze,0,11,51,29,18,89,2024-10-30,0,Precipitation is not expected,1026,11,52,18:00,1,Good,0,Clear Sky,A gentle breeze from the west south west,WSW,WSW,West South Westerly,14,9,2024-10-30T09:51:00+00:00,2024-10-30T16:01:26.932Z,2650225,Edinburgh
A clear sky and a gentle breeze,0,10,51,31,19,91,2024-10-30,0,Precipitation is not expected,1026,11,52,19:00,1,Good,0,Clear Sky,A gentle breeze from the west south west,WSW,WSW,West South Westerly,15,9,2024-10-30T09:51:00+00:00,2024-10-30T16:01:26.932Z,2650225,Edinburgh
Partly cloudy and a gentle breeze,2,10,50,36,22,92,2024-10-30,0,Precipitation is not expected,1026,11,52,20:00,1,Good,2,Partly Cloudy,A gentle breeze from the west south west,WSW,WSW,West South Westerly,16,10,2024-10-30T09:51:00+00:00,2024-10-30T16:01:26.932Z,2650225,Edinburgh
Partly cloudy and a gentle breeze,2,10,50,39,24,92,2024-10-30,0,Precipitation is not expected,1025,11,52,21:00,1,Good,2,Partly Cloudy,A gentle breeze from the west south west,WSW,WSW,West South Westerly,18,11,2024-10-30T09:51:00+00:00,2024-10-30T16:01:26.932Z,2650225,Edinburgh
Partly cloudy and a gentle breeze,2,10,51,42,26,90,2024-10-30,0,Precipitation is not expected,1025,11,52,22:00,1,Good,2,Partly Cloudy,A gentle breeze from the west south west,WSW,WSW,West South Westerly,19,12,2024-10-30T09:51:00+00:00,2024-10-30T16:01:26.932Z,2650225,Edinburgh
Partly cloudy and a gentle breeze,2,11,51,46,29,90,2024-10-30,0,Precipitation is not expected,1025,11,53,23:00,1,Good,2,Partly Cloudy,A gentle breeze from the west south west,WSW,WSW,West South Westerly,19,12,2024-10-30T09:51:00+00:00,2024-10-30T16:01:26.932Z,2650225,Edinburgh
Light cloud and a moderate breeze,36,11,51,48,30,89,2024-10-31,0,Precipitation is not expected,1024,12,53,00:00,1,Good,7,Light Cloud,A moderate breeze from the west south west,WSW,WSW,West South Westerly,21,13,2024-10-30T09:51:00+00:00,2024-10-30T16:01:26.932Z,2650225,Edinburgh
Light cloud and a moderate breeze,36,11,51,50,31,89,2024-10-31,0,Precipitation is not expected,1024,12,53,01:00,1,Good,7,Light Cloud,A moderate breeze from the west south west,WSW,WSW,West South Westerly,23,14,2024-10-30T09:51:00+00:00,2024-10-30T16:01:26.932Z,2650225,Edinburgh
Light cloud and a moderate breeze,36,11,51,51,32,89,2024-10-31,0,Precipitation is not expected,1023,12,53,02:00,1,Good,7,Light Cloud,A moderate breeze from the west south west,WSW,WSW,West South Westerly,24,15,2024-10-30T09:51:00+00:00,2024-10-30T16:01:26.932Z,2650225,Edinburgh
Light cloud and a moderate breeze,36,11,51,52,33,89,2024-10-31,0,Precipitation is not expected,1023,12,53,03:00,1,Good,7,Light Cloud,A moderate breeze from the west south west,WSW,WSW,West South Westerly,24,15,2024-10-30T09:51:00+00:00,2024-10-30T16:01:26.932Z,2650225,Edinburgh
Light cloud and a moderate breeze,36,11,51,52,32,89,2024-10-31,0,Precipitation is not expected,1023,12,53,04:00,1,Good,7,Light Cloud,A moderate breeze from the west south west,WSW,WSW,West South Westerly,26,16,2024-10-30T09:51:00+00:00,2024-10-30T16:01:26.932Z,2650225,Edinburgh
Light cloud and a moderate breeze,36,11,51,52,32,89,2024-10-31,0,Precipitation is not expected,1022,12,53,05:00,1,Good,7,Light Cloud,A moderate breeze from the west south west,WSW,WSW,West South Westerly,26,16,2024-10-30T09:51:00+00:00,2024-10-30T16:01:26.932Z,2650225,Edinburgh
Light cloud and a moderate breeze,36,11,51,53,33,90,2024-10-31,0,Precipitation is not expected,1022,12,53,06:00,1,Good,7,Light Cloud,A moderate breeze from the west south west,WSW,WSW,West South Westerly,27,17,2024-10-30T09:51:00+00:00,2024-10-30T16:01:26.932Z,2650225,Edinburgh
Light cloud and a moderate breeze,36,11,51,54,33,89,2024-10-31,0,Precipitation is not expected,1022,12,53,07:00,1,Good,7,Light Cloud,A moderate breeze from the west south west,WSW,WSW,West South Westerly,27,17,2024-10-30T09:51:00+00:00,2024-10-30T16:01:26.932Z,2650225,Edinburgh
Light cloud and a moderate breeze,7,11,52,55,34,89,2024-10-31,0,Precipitation is not expected,1022,12,54,08:00,1,Good,7,Light Cloud,A moderate breeze from the west south west,WSW,WSW,West South Westerly,28,18,2024-10-30T09:51:00+00:00,2024-10-30T16:01:26.932Z,2650225,Edinburgh
Light cloud and a moderate breeze,7,12,54,57,35,87,2024-10-31,0,Precipitation is not expected,1022,13,55,09:00,1,Good,7,Light Cloud,A moderate breeze from the west south west,WSW,WSW,West South Westerly,29,18,2024-10-30T09:51:00+00:00,2024-10-30T16:01:26.932Z,2650225,Edinburgh
Light cloud and a fresh breeze,7,13,55,58,36,83,2024-10-31,0,Precipitation is not expected,1022,13,56,10:00,1,Good,7,Light Cloud,A fresh breeze from the west south west,WSW,WSW,West South Westerly,30,19,2024-10-30T09:51:00+00:00,2024-10-30T16:01:26.932Z,2650225,Edinburgh
Light cloud and a fresh breeze,7,13,56,58,36,82,2024-10-31,0,Precipitation is not expected,1022,14,57,11:00,1,Good,7,Light Cloud,A fresh breeze from the west south west,WSW,WSW,West South Westerly,31,19,2024-10-30T09:51:00+00:00,2024-10-30T16:01:26.932Z,2650225,Edinburgh
Light cloud and a fresh breeze,7,13,56,57,36,81,2024-10-31,0,Precipitation is not expected,1022,14,57,12:00,1,Good,7,Light Cloud,A fresh breeze from the west south west,WSW,WSW,West South Westerly,31,19,2024-10-30T09:51:00+00:00,2024-10-30T16:01:26.932Z,2650225,Edinburgh
Light cloud and a fresh breeze,7,13,56,57,35,81,2024-10-31,0,Precipitation is not expected,1022,14,57,13:00,1,Good,7,Light Cloud,A fresh breeze from the west south west,WSW,WSW,West South Westerly,32,20,2024-10-30T09:51:00+00:00,2024-10-30T16:01:26.932Z,2650225,Edinburgh
Light cloud and a fresh breeze,7,13,56,55,34,81,2024-10-31,0,Precipitation is not expected,1022,14,57,14:00,1,Good,7,Light Cloud,A fresh breeze from the west south west,WSW,WSW,West South Westerly,31,19,2024-10-30T09:51:00+00:00,2024-10-30T16:01:26.932Z,2650225,Edinburgh
Light cloud and a fresh breeze,7,13,55,53,33,81,2024-10-31,0,Precipitation is not expected,1022,14,57,15:00,1,Good,7,Light Cloud,A fresh breeze from the west south west,WSW,WSW,West South Westerly,31,19,2024-10-30T09:51:00+00:00,2024-10-30T16:01:26.932Z,2650225,Edinburgh
Light cloud and a moderate breeze,7,13,55,53,33,81,2024-10-31,0,Precipitation is not expected,1022,13,56,16:00,1,Good,7,Light Cloud,A moderate breeze from the west south west,WSW,WSW,West South Westerly,29,18,2024-10-30T09:51:00+00:00,2024-10-30T16:01:26.932Z,2650225,Edinburgh
Light cloud and a moderate breeze,36,12,54,53,33,83,2024-10-31,0,Precipitation is not expected,1022,13,55,17:00,1,Good,7,Light Cloud,A moderate breeze from the west south west,WSW,WSW,West South Westerly,29,18,2024-10-30T09:51:00+00:00,2024-10-30T16:01:26.932Z,2650225,Edinburgh
Light cloud and a moderate breeze,36,12,53,53,33,85,2024-10-31,0,Precipitation is not expected,1022,13,55,18:00,1,Good,7,Light Cloud,A moderate breeze from the west south west,WSW,WSW,West South Westerly,28,17,2024-10-30T09:51:00+00:00,2024-10-30T16:01:26.932Z,2650225,Edinburgh
Light cloud and a moderate breeze,36,11,53,54,33,87,2024-10-31,0,Precipitation is not expected,1022,12,54,19:00,1,Good,7,Light Cloud,A moderate breeze from the west south west,WSW,WSW,West South Westerly,28,17,2024-10-30T09:51:00+00:00,2024-10-30T16:01:26.932Z,2650225,Edinburgh
Light cloud and a moderate breeze,36,11,53,54,34,88,2024-10-31,0,Precipitation is not expected,1021,12,54,20:00,1,Good,7,Light Cloud,A moderate breeze from the west south west,WSW,WSW,West South Westerly,27,17,2024-10-30T09:51:00+00:00,2024-10-30T16:01:26.932Z,2650225,Edinburgh
Light cloud and a moderate breeze,36,11,52,54,34,88,2024-10-31,0,Precipitation is not expected,1021,12,54,21:00,1,Good,7,Light Cloud,A moderate breeze from the west south west,WSW,WSW,West South Westerly,26,16,2024-10-30T09:51:00+00:00,2024-10-30T16:01:26.932Z,2650225,Edinburgh
Light cloud and a moderate breeze,36,11,52,54,33,88,2024-10-31,0,Precipitation is not expected,1021,12,54,22:00,1,Good,7,Light Cloud,A moderate breeze from the west south west,WSW,WSW,West South Westerly,27,17,2024-10-30T09:51:00+00:00,2024-10-30T16:01:26.932Z,2650225,Edinburgh
Light cloud and a moderate breeze,36,11,52,53,33,89,2024-10-31,0,Precipitation is not expected,1021,12,54,23:00,1,Good,7,Light Cloud,A moderate breeze from the west south west,WSW,WSW,West South Westerly,26,16,2024-10-30T09:51:00+00:00,2024-10-30T16:01:26.932Z,2650225,Edinburgh
Light cloud and a moderate breeze,36,11,51,51,32,89,2024-11-01,0,Precipitation is not expected,1020,12,53,00:00,1,Good,7,Light Cloud,A moderate breeze from the west south west,WSW,WSW,West South Westerly,26,16,2024-10-30T09:51:00+00:00,2024-10-30T16:01:26.932Z,2650225,Edinburgh
Light cloud and a moderate breeze,36,11,51,52,33,89,2024-11-01,0,Precipitation is not expected,1021,12,53,01:00,1,Good,7,Light Cloud,A moderate breeze from the west south west,WSW,WSW,West South Westerly,27,17,2024-10-30T09:51:00+00:00,2024-10-30T16:01:26.932Z,2650225,Edinburgh
Light cloud and a moderate breeze,36,11,51,53,33,88,2024-11-01,0,Precipitation is not expected,1021,12,53,02:00,1,Good,7,Light Cloud,A moderate breeze from the west south west,WSW,WSW,West South Westerly,26,16,2024-10-30T09:51:00+00:00,2024-10-30T16:01:26.932Z,2650225,Edinburgh
Light cloud and a moderate breeze,36,11,51,53,33,88,2024-11-01,0,Precipitation is not expected,1021,12,53,03:00,1,Good,7,Light Cloud,A moderate breeze from the west south west,WSW,WSW,West South Westerly,26,16,2024-10-30T09:51:00+00:00,2024-10-30T16:01:26.932Z,2650225,Edinburgh
Light cloud and a moderate breeze,36,11,51,51,32,89,2024-11-01,0,Precipitation is not expected,1021,12,53,04:00,1,Good,7,Light Cloud,A moderate breeze from the west south west,WSW,WSW,West South Westerly,26,16,2024-10-30T09:51:00+00:00,2024-10-30T16:01:26.932Z,2650225,Edinburgh
Light cloud and a moderate breeze,36,11,51,48,30,89,2024-11-01,0,Precipitation is not expected,1021,12,53,05:00,1,Good,7,Light Cloud,A moderate breeze from the west south west,WSW,WSW,West South Westerly,24,15,2024-10-30T09:51:00+00:00,2024-10-30T16:01:26.932Z,2650225,Edinburgh
Light cloud and a moderate breeze,36,10,51,45,28,89,2024-11-01,0,Precipitation is not expected,1022,11,53,06:00,1,Good,7,Light Cloud,A moderate breeze from the west south west,WSW,WSW,West South Westerly,24,15,2024-10-30T09:51:00+00:00,2024-10-30T16:01:26.932Z,2650225,Edinburgh
Light cloud and a moderate breeze,36,10,51,43,27,90,2024-11-01,0,Precipitation is not expected,1022,11,53,07:00,1,Good,7,Light Cloud,A moderate breeze from the west south west,WSW,WSW,West South Westerly,22,14,2024-10-30T09:51:00+00:00,2024-10-30T16:01:26.932Z,2650225,Edinburgh
Light cloud and a moderate breeze,7,11,51,40,25,89,2024-11-01,0,Precipitation is not expected,1023,12,53,08:00,1,Good,7,Light Cloud,A moderate breeze from the west south west,WSW,WSW,West South Westerly,22,14,2024-10-30T09:51:00+00:00,2024-10-30T16:01:26.932Z,2650225,Edinburgh
Light cloud and a moderate breeze,7,12,53,39,24,86,2024-11-01,0,Precipitation is not expected,1023,12,54,09:00,1,Good,7,Light Cloud,A moderate breeze from the west south west,WSW,WSW,West South Westerly,22,14,2024-10-30T09:51:00+00:00,2024-10-30T16:01:26.932Z,2650225,Edinburgh
Light cloud and a gentle breeze,7,12,54,36,23,84,2024-11-01,0,Precipitation is not expected,1024,13,55,10:00,1,Good,7,Light Cloud,A gentle breeze from the west south west,WSW,WSW,West South Westerly,20,12,2024-10-30T09:51:00+00:00,2024-10-30T16:01:26.932Z,2650225,Edinburgh
Light cloud and a gentle breeze,7,13,55,35,22,82,2024-11-01,0,Precipitation is not expected,1025,13,56,11:00,1,Good,7,Light Cloud,A gentle breeze from the west,W,W,Westerly,19,12,2024-10-30T09:51:00+00:00,2024-10-30T16:01:26.932Z,2650225,Edinburgh
Thick cloud and a gentle breeze,8,13,56,31,19,81,2024-11-01,10,Low chance of precipitation,1025,13,56,12:00,1,Good,8,Thick Cloud,A gentle breeze from the west,W,W,Westerly,18,11,2024-10-30T09:51:00+00:00,2024-10-30T16:01:26.932Z,2650225,Edinburgh
Thick cloud and a gentle breeze,8,13,55,27,17,81,2024-11-01,30,Low chance of precipitation,1026,13,56,13:00,1,Good,8,Thick Cloud,A gentle breeze from the west,W,W,Westerly,17,10,2024-10-30T09:51:00+00:00,2024-10-30T16:01:26.932Z,2650225,Edinburgh
Drizzle and a gentle breeze,11,13,55,23,15,82,2024-11-01,38,Chance of precipitation,1026,13,55,14:00,1,Good,11,Drizzle,A gentle breeze from the north west,NW,NW,North Westerly,13,8,2024-10-30T09:51:00+00:00,2024-10-30T16:01:26.932Z,2650225,Edinburgh
Light rain and light winds,12,12,54,25,16,82,2024-11-01,46,Chance of precipitation,1027,12,54,15:00,1,Good,12,Light Rain,Light winds from the north east,NE,NE,North Easterly,12,7,2024-10-30T09:51:00+00:00,2024-10-30T16:01:26.932Z,2650225,Edinburgh
Light rain and a gentle breeze,12,11,52,27,17,83,2024-11-01,53,Chance of precipitation,1027,12,53,16:00,1,Good,12,Light Rain,A gentle breeze from the east north east,ENE,ENE,East North Easterly,14,9,2024-10-30T09:51:00+00:00,2024-10-30T16:01:26.932Z,2650225,Edinburgh
Light rain and a gentle breeze,39,10,50,28,17,84,2024-11-01,53,Chance of precipitation,1029,11,52,17:00,1,Good,12,Light Rain,A gentle breeze from the east north east,ENE,ENE,East North Easterly,14,9,2024-10-30T09:51:00+00:00,2024-10-30T16:01:26.932Z,2650225,Edinburgh
Light rain and a gentle breeze,39,9,49,26,16,86,2024-11-01,50,Chance of precipitation,1030,10,50,18:00,1,Good,12,Light Rain,A gentle breeze from the east,E,E,Easterly,13,8,2024-10-30T09:51:00+00:00,2024-10-30T16:01:26.932Z,2650225,Edinburgh
Thick cloud and light winds,37,9,48,24,15,87,2024-11-01,30,Low chance of precipitation,1030,10,50,19:00,1,Good,8,Thick Cloud,Light winds from the east,E,E,Easterly,12,7,2024-10-30T09:51:00+00:00,2024-10-30T16:01:26.932Z,2650225,Edinburgh
Thick cloud and light winds,37,9,47,21,13,88,2024-11-01,25,Low chance of precipitation,1031,9,49,20:00,1,Good,8,Thick Cloud,Light winds from the east,E,E,Easterly,10,6,2024-10-30T09:51:00+00:00,2024-10-30T16:01:26.932Z,2650225,Edinburgh
Thick cloud and light winds,37,8,47,20,13,87,2024-11-01,29,Low chance of precipitation,1031,9,49,21:00,1,Good,8,Thick Cloud,Light winds from the east north east,ENE,ENE,East North Easterly,9,6,2024-10-30T09:51:00+00:00,2024-10-30T16:01:26.932Z,2650225,Edinburgh
Thick cloud and light winds,37,8,46,18,11,87,2024-11-01,0,Precipitation is not expected,1031,9,48,22:00,1,Good,8,Thick Cloud,Light winds from the east,E,E,Easterly,9,6,2024-10-30T09:51:00+00:00,2024-10-30T16:01:26.932Z,2650225,Edinburgh
Thick cloud and light winds,37,9,48,17,11,87,2024-11-01,12,Low chance of precipitation,1032,9,48,23:00,1,Good,8,Thick Cloud,Light winds from the east,E,E,Easterly,7,5,2024-10-30T09:51:00+00:00,2024-10-30T16:01:26.932Z,2650225,Edinburgh
Thick cloud and light winds,37,9,48,17,10,87,2024-11-02,0,Precipitation is not expected,1032,9,48,00:00,1,Good,8,Thick Cloud,Light winds from the east,E,E,Easterly,7,4,2024-10-30T09:51:00+00:00,2024-10-30T16:01:26.932Z,2650225,Edinburgh
Thick cloud and light winds,37,9,48,15,9,88,2024-11-02,0,Precipitation is not expected,1031,9,48,01:00,1,Good,8,Thick Cloud,Light winds from the east south east,ESE,ESE,East South Easterly,7,4,2024-10-30T09:51:00+00:00,2024-10-30T16:01:26.932Z,2650225,Edinburgh
Thick cloud and light winds,37,9,48,15,9,87,2024-11-02,0,Precipitation is not expected,1031,9,48,02:00,1,Good,8,Thick Cloud,Light winds from the east south east,ESE,ESE,East South Easterly,6,4,2024-10-30T09:51:00+00:00,2024-10-30T16:01:26.932Z,2650225,Edinburgh
Thick cloud and light winds,37,9,48,15,9,88,2024-11-02,0,Precipitation is not expected,1031,9,48,03:00,1,Good,8,Thick Cloud,Light winds from the south east,SE,SE,South Easterly,6,4,2024-10-30T09:51:00+00:00,2024-10-30T16:01:26.932Z,2650225,Edinburgh
Thick cloud and light winds,37,9,48,14,9,88,2024-11-02,0,Precipitation is not expected,1031,9,48,04:00,1,Good,8,Thick Cloud,Light winds from the south east,SE,SE,South Easterly,6,4,2024-10-30T09:51:00+00:00,2024-10-30T16:01:26.932Z,2650225,Edinburgh
Thick cloud and light winds,37,9,48,14,9,88,2024-11-02,0,Precipitation is not expected,1031,9,48,05:00,1,Good,8,Thick Cloud,Light winds from the south south east,SSE,SSE,South South Easterly,6,4,2024-10-30T09:51:00+00:00,2024-10-30T16:01:26.932Z,2650225,Edinburgh
Thick cloud and light winds,37,9,47,14,9,90,2024-11-02,0,Precipitation is not expected,1031,9,47,06:00,1,Good,8,Thick Cloud,Light winds from the south south east,SSE,SSE,South South Easterly,6,4,2024-10-30T09:51:00+00:00,2024-10-30T16:01:26.932Z,2650225,Edinburgh
Thick cloud and light winds,37,9,48,14,9,91,2024-11-02,0,Precipitation is not expected,1031,9,48,07:00,1,Good,8,Thick Cloud,Light winds from the south south east,SSE,SSE,South South Easterly,6,4,2024-10-30T09:51:00+00:00,2024-10-30T16:01:26.932Z,2650225,Edinburgh
Thick cloud and light winds,8,9,49,15,9,90,2024-11-02,0,Precipitation is not expected,1031,9,48,08:00,1,Good,8,Thick Cloud,Light winds from the south south east,SSE,SSE,South South Easterly,5,3,2024-10-30T09:51:00+00:00,2024-10-30T16:01:26.932Z,2650225,Edinburgh
Thick cloud and light winds,8,10,50,17,11,88,2024-11-02,0,Precipitation is not expected,1031,10,50,09:00,1,Good,8,Thick Cloud,Light winds from the south south west,SSW,SSW,South South Westerly,6,4,2024-10-30T09:51:00+00:00,2024-10-30T16:01:26.932Z,2650225,Edinburgh
Light cloud and light winds,7,11,52,19,12,84,2024-11-02,0,Precipitation is not expected,1031,11,52,10:00,1,Good,7,Light Cloud,Light winds from the south south west,SSW,SSW,South South Westerly,7,5,2024-10-30T09:51:00+00:00,2024-10-30T16:01:26.932Z,2650225,Edinburgh
Light cloud and light winds,7,12,53,21,13,81,2024-11-02,0,Precipitation is not expected,1031,12,53,11:00,1,Good,7,Light Cloud,Light winds from the south west,SW,SW,South Westerly,8,5,2024-10-30T09:51:00+00:00,2024-10-30T16:01:26.932Z,2650225,Edinburgh
Light cloud and light winds,7,12,54,23,15,80,2024-11-02,0,Precipitation is not expected,1031,12,54,12:00,1,Good,7,Light Cloud,Light winds from the south west,SW,SW,South Westerly,9,6,2024-10-30T09:51:00+00:00,2024-10-30T16:01:26.932Z,2650225,Edinburgh
Light cloud and a gentle breeze,7,12,54,25,16,79,2024-11-02,0,Precipitation is not expected,1030,13,55,13:00,1,Good,7,Light Cloud,A gentle breeze from the south west,SW,SW,South Westerly,12,8,2024-10-30T09:51:00+00:00,2024-10-30T16:01:26.932Z,2650225,Edinburgh
Light cloud and a gentle breeze,7,13,55,27,17,77,2024-11-02,0,Precipitation is not expected,1030,13,55,14:00,1,Good,7,Light Cloud,A gentle breeze from the south west,SW,SW,South Westerly,13,8,2024-10-30T09:51:00+00:00,2024-10-30T16:01:26.932Z,2650225,Edinburgh
Light cloud and a gentle breeze,7,13,55,26,16,77,2024-11-02,0,Precipitation is not expected,1029,13,55,15:00,1,Good,7,Light Cloud,A gentle breeze from the south west,SW,SW,South Westerly,13,8,2024-10-30T09:51:00+00:00,2024-10-30T16:01:26.932Z,2650225,Edinburgh
Light cloud and a gentle breeze,7,12,53,24,15,79,2024-11-02,0,Precipitation is not expected,1030,12,54,16:00,1,Good,7,Light Cloud,A gentle breeze from the south west,SW,SW,South Westerly,13,8,2024-10-30T09:51:00+00:00,2024-10-30T16:01:26.932Z,2650225,Edinburgh
Partly cloudy and a gentle breeze,2,11,51,22,14,82,2024-11-02,0,Precipitation is not expected,1030,11,53,17:00,1,Good,2,Partly Cloudy,A gentle breeze from the south west,SW,SW,South Westerly,13,8,2024-10-30T09:51:00+00:00,2024-10-30T16:01:26.932Z,2650225,Edinburgh
Partly cloudy and a gentle breeze,2,10,50,23,14,85,2024-11-02,0,Precipitation is not expected,1030,11,51,18:00,1,Good,2,Partly Cloudy,A gentle breeze from the south west,SW,SW,South Westerly,12,8,2024-10-30T09:51:00+00:00,2024-10-30T16:01:26.932Z,2650225,Edinburgh
Partly cloudy and light winds,2,10,49,23,14,87,2024-11-02,0,Precipitation is not expected,1030,10,51,19:00,1,Good,2,Partly Cloudy,Light winds from the south west,SW,SW,South Westerly,11,7,2024-10-30T09:51:00+00:00,2024-10-30T16:01:26.932Z,2650225,Edinburgh
Partly cloudy and light winds,2,9,49,23,15,87,2024-11-02,0,Precipitation is not expected,1030,10,50,20:00,1,Good,2,Partly Cloudy,Light winds from the south west,SW,SW,South Westerly,10,6,2024-10-30T09:51:00+00:00,2024-10-30T16:01:26.932Z,2650225,Edinburgh
Light cloud and light winds,36,9,49,23,15,88,2024-11-02,0,Precipitation is not expected,1030,10,50,21:00,1,Good,7,Light Cloud,Light winds from the south west,SW,SW,South Westerly,10,6,2024-10-30T09:51:00+00:00,2024-10-30T16:01:26.932Z,2650225,Edinburgh
Light cloud and light winds,36,9,48,23,14,89,2024-11-02,0,Precipitation is not expected,1030,10,50,22:00,1,Good,7,Light Cloud,Light winds from the south west,SW,SW,South Westerly,11,7,2024-10-30T09:51:00+00:00,2024-10-30T16:01:26.932Z,2650225,Edinburgh
Light cloud and light winds,36,9,48,22,14,90,2024-11-02,0,Precipitation is not expected,1029,10,49,23:00,1,Good,7,Light Cloud,Light winds from the south west,SW,SW,South Westerly,11,7,2024-10-30T09:51:00+00:00,2024-10-30T16:01:26.932Z,2650225,Edinburgh
Light cloud and light winds,36,9,48,23,14,90,2024-11-03,0,Precipitation is not expected,1029,10,49,00:00,1,Good,7,Light Cloud,Light winds from the south west,SW,SW,South Westerly,10,6,2024-10-30T09:51:00+00:00,2024-10-30T16:01:26.932Z,2650225,Edinburgh
Light cloud and light winds,36,9,48,22,14,90,2024-11-03,0,Precipitation is not expected,1029,10,49,01:00,1,Good,7,Light Cloud,Light winds from the south west,SW,SW,South Westerly,10,6,2024-10-30T09:51:00+00:00,2024-10-30T16:01:26.932Z,2650225,Edinburgh
Light cloud and light winds,36,9,48,21,13,91,2024-11-03,0,Precipitation is not expected,1029,10,49,02:00,1,Good,7,Light Cloud,Light winds from the south west,SW,SW,South Westerly,10,6,2024-10-30T09:51:00+00:00,2024-10-30T16:01:26.932Z,2650225,Edinburgh
Partly cloudy and light winds,2,9,47,21,13,92,2024-11-03,0,Precipitation is not expected,1029,9,49,03:00,1,Good,2,Partly Cloudy,Light winds from the south west,SW,SW,South Westerly,9,6,2024-10-30T09:51:00+00:00,2024-10-30T16:01:26.932Z,2650225,Edinburgh
Light cloud and light winds,36,9,47,19,12,92,2024-11-03,0,Precipitation is not expected,1028,9,49,04:00,1,Good,7,Light Cloud,Light winds from the south west,SW,SW,South Westerly,9,6,2024-10-30T09:51:00+00:00,2024-10-30T16:01:26.932Z,2650225,Edinburgh
Light cloud and light winds,36,9,47,18,11,91,2024-11-03,0,Precipitation is not expected,1028,9,49,05:00,1,Good,7,Light Cloud,Light winds from the south west,SW,SW,South Westerly,8,5,2024-10-30T09:51:00+00:00,2024-10-30T16:01:26.932Z,2650225,Edinburgh
Light cloud and light winds,36,9,47,17,10,92,2024-11-03,0,Precipitation is not expected,1028,9,49,06:00,1,Good,7,Light Cloud,Light winds from the south west,SW,SW,South Westerly,8,5,2024-10-30T09:51:00+00:00,2024-10-30T16:01:26.932Z,2650225,Edinburgh
Light cloud and light winds,36,9,49,16,10,92,2024-11-03,0,Precipitation is not expected,1028,9,49,07:00,1,Good,7,Light Cloud,Light winds from the west south west,WSW,WSW,West South Westerly,7,4,2024-10-30T09:51:00+00:00,2024-10-30T16:01:26.932Z,2650225,Edinburgh
Sunny intervals and light winds,3,9,49,14,9,92,2024-11-03,0,Precipitation is not expected,1028,9,49,08:00,1,Good,3,Sunny Intervals,Light winds from the south west,SW,SW,South Westerly,7,4,2024-10-30T09:51:00+00:00,2024-10-30T16:01:26.932Z,2650225,Edinburgh
Sunny intervals and light winds,3,10,51,13,8,89,2024-11-03,0,Precipitation is not expected,1028,10,50,09:00,1,Good,3,Sunny Intervals,Light winds from the south west,SW,SW,South Westerly,7,4,2024-10-30T09:51:00+00:00,2024-10-30T16:01:26.932Z,2650225,Edinburgh
Sunny intervals and light winds,3,11,53,12,8,84,2024-11-03,0,Precipitation is not expected,1028,11,52,10:00,1,Good,3,Sunny Intervals,Light winds from the west south west,WSW,WSW,West South Westerly,7,4,2024-10-30T09:51:00+00:00,2024-10-30T16:01:26.932Z,2650225,Edinburgh
Light cloud and light winds,7,12,54,12,7,81,2024-11-03,0,Precipitation is not expected,1028,12,53,11:00,1,Good,7,Light Cloud,Light winds from the west south west,WSW,WSW,West South Westerly,7,4,2024-10-30T09:51:00+00:00,2024-10-30T16:01:26.932Z,2650225,Edinburgh
Light cloud and light winds,7,13,55,10,6,80,2024-11-03,0,Precipitation is not expected,1028,12,54,12:00,1,Good,7,Light Cloud,Light winds from the east north east,ENE,ENE,East North Easterly,5,3,2024-10-30T09:51:00+00:00,2024-10-30T16:01:26.932Z,2650225,Edinburgh
Light cloud and light winds,7,13,55,9,6,79,2024-11-03,0,Precipitation is not expected,1027,12,54,13:00,1,Good,7,Light Cloud,Light winds from the east,E,E,Easterly,6,4,2024-10-30T09:51:00+00:00,2024-10-30T16:01:26.932Z,2650225,Edinburgh
Light cloud and light winds,7,13,55,8,5,79,2024-11-03,0,Precipitation is not expected,1027,12,54,14:00,1,Good,7,Light Cloud,Light winds from the west north west,WNW,WNW,West North Westerly,5,3,2024-10-30T09:51:00+00:00,2024-10-30T16:01:26.932Z,2650225,Edinburgh
Light cloud and light winds,7,13,55,8,5,79,2024-11-03,0,Precipitation is not expected,1026,12,54,15:00,1,Good,7,Light Cloud,Light winds from the east,E,E,Easterly,5,3,2024-10-30T09:51:00+00:00,2024-10-30T16:01:26.932Z,2650225,Edinburgh
Sunny intervals and light winds,3,12,53,8,5,83,2024-11-03,0,Precipitation is not expected,1026,11,53,16:00,1,Good,3,Sunny Intervals,Light winds from the east,E,E,Easterly,6,4,2024-10-30T09:51:00+00:00,2024-10-30T16:01:26.932Z,2650225,Edinburgh
Partly cloudy and light winds,2,11,51,7,5,86,2024-11-03,0,Precipitation is not expected,1026,11,51,17:00,1,Good,2,Partly Cloudy,Light winds from the east,E,E,Easterly,5,3,2024-10-30T09:51:00+00:00,2024-10-30T16:01:26.932Z,2650225,Edinburgh
Partly cloudy and light winds,2,10,50,7,4,91,2024-11-03,0,Precipitation is not expected,1026,10,50,18:00,1,Good,2,Partly Cloudy,Light winds from the east,E,E,Easterly,5,3,2024-10-30T09:51:00+00:00,2024-10-30T16:01:26.932Z,2650225,Edinburgh
Partly cloudy and light winds,2,9,49,7,4,93,2024-11-03,0,Precipitation is not expected,1026,9,49,19:00,1,Good,2,Partly Cloudy,Light winds from the east south east,ESE,ESE,East South Easterly,5,3,2024-10-30T09:51:00+00:00,2024-10-30T16:01:26.932Z,2650225,Edinburgh
Partly cloudy and light winds,2,9,48,6,4,94,2024-11-03,0,Precipitation is not expected,1026,9,48,20:00,1,Good,2,Partly Cloudy,Light winds from the east,E,E,Easterly,4,2,2024-10-30T09:51:00+00:00,2024-10-30T16:01:26.932Z,2650225,Edinburgh
Partly cloudy and light winds,2,8,47,6,4,94,2024-11-03,0,Precipitation is not expected,1026,8,47,21:00,1,Good,2,Partly Cloudy,Light winds from the east,E,E,Easterly,4,2,2024-10-30T09:51:00+00:00,2024-10-30T16:01:26.932Z,2650225,Edinburgh
A clear sky and light winds,0,8,46,6,4,94,2024-11-03,0,Precipitation is not expected,1026,8,46,22:00,1,Moderate,0,Clear Sky,Light winds from the east south east,ESE,ESE,East South Easterly,4,2,2024-10-30T09:51:00+00:00,2024-10-30T16:01:26.932Z,2650225,Edinburgh
A clear sky and light winds,0,7,45,7,4,95,2024-11-03,0,Precipitation is not expected,1026,7,45,23:00,1,Moderate,0,Clear Sky,Light winds from the south east,SE,SE,South Easterly,4,2,2024-10-30T09:51:00+00:00,2024-10-30T16:01:26.932Z,2650225,Edinburgh
A clear sky and light winds,0,7,45,6,4,95,2024-11-04,0,Precipitation is not expected,1026,7,45,00:00,1,Moderate,0,Clear Sky,Light winds from the east south east,ESE,ESE,East South Easterly,3,2,2024-10-30T09:51:00+00:00,2024-10-30T16:01:26.932Z,2650225,Edinburgh
A clear sky and light winds,0,7,44,6,4,95,2024-11-04,0,Precipitation is not expected,1025,7,44,01:00,1,Moderate,0,Clear Sky,Light winds from the east south east,ESE,ESE,East South Easterly,4,2,2024-10-30T09:51:00+00:00,2024-10-30T16:01:26.932Z,2650225,Edinburgh
Partly cloudy and light winds,2,7,44,6,4,95,2024-11-04,0,Precipitation is not expected,1025,7,44,02:00,1,Moderate,2,Partly Cloudy,Light winds from the east south east,ESE,ESE,East South Easterly,3,2,2024-10-30T09:51:00+00:00,2024-10-30T16:01:26.932Z,2650225,Edinburgh
Partly cloudy and light winds,2,6,43,6,4,95,2024-11-04,0,Precipitation is not expected,1025,6,43,03:00,1,Moderate,2,Partly Cloudy,Light winds from the east south east,ESE,ESE,East South Easterly,4,2,2024-10-30T09:51:00+00:00,2024-10-30T16:01:26.932Z,2650225,Edinburgh
Partly cloudy and light winds,2,6,43,6,4,95,2024-11-04,0,Precipitation is not expected,1025,6,43,04:00,1,Moderate,2,Partly Cloudy,Light winds from the east south east,ESE,ESE,East South Easterly,4,2,2024-10-30T09:51:00+00:00,2024-10-30T16:01:26.932Z,2650225,Edinburgh
Partly cloudy and light winds,2,6,43,5,3,95,2024-11-04,0,Precipitation is not expected,1024,6,43,05:00,1,Moderate,2,Partly Cloudy,Light winds from the east south east,ESE,ESE,East South Easterly,4,2,2024-10-30T09:51:00+00:00,2024-10-30T16:01:26.932Z,2650225,Edinburgh
Misty and light winds,34,6,43,7,4,95,2024-11-04,0,Precipitation is not expected,1024,6,43,06:00,1,Poor,5,Mist,Light winds from the east south east,ESE,ESE,East South Easterly,4,2,2024-10-30T09:51:00+00:00,2024-10-30T16:01:26.932Z,2650225,Edinburgh
Partly cloudy and light winds,2,6,43,7,4,93,2024-11-04,0,Precipitation is not expected,1024,6,43,07:00,1,Moderate,2,Partly Cloudy,Light winds from the east,E,E,Easterly,3,2,2024-10-30T09:51:00+00:00,2024-10-30T16:01:26.932Z,2650225,Edinburgh
Sunny intervals and light winds,3,7,44,8,5,95,2024-11-04,0,Precipitation is not expected,1024,7,44,08:00,1,Moderate,3,Sunny Intervals,Light winds from the east,E,E,Easterly,3,2,2024-10-30T09:51:00+00:00,2024-10-30T16:01:26.932Z,2650225,Edinburgh
Sunny intervals and light winds,3,7,46,7,5,92,2024-11-04,0,Precipitation is not expected,1024,8,46,09:00,1,Good,3,Sunny Intervals,Light winds from the east,E,E,Easterly,4,2,2024-10-30T09:51:00+00:00,2024-10-30T16:01:26.932Z,2650225,Edinburgh
Sunny intervals and light winds,3,9,47,7,5,88,2024-11-04,0,Precipitation is not expected,1024,9,47,10:00,1,Good,3,Sunny Intervals,Light winds from the east,E,E,Easterly,4,3,2024-10-30T09:51:00+00:00,2024-10-30T16:01:26.932Z,2650225,Edinburgh
Sunny intervals and light winds,3,10,50,7,5,81,2024-11-04,0,Precipitation is not expected,1023,10,50,11:00,1,Good,3,Sunny Intervals,Light winds from the east,E,E,Easterly,4,3,2024-10-30T09:51:00+00:00,2024-10-30T16:01:26.932Z,2650225,Edinburgh
Sunny intervals and light winds,3,10,50,7,5,80,2024-11-04,0,Precipitation is not expected,1023,10,50,12:00,1,Good,3,Sunny Intervals,Light winds from the east,E,E,Easterly,4,3,2024-10-30T09:51:00+00:00,2024-10-30T16:01:26.932Z,2650225,Edinburgh
Sunny intervals and light winds,3,10,51,7,5,80,2024-11-04,0,Precipitation is not expected,1023,10,51,13:00,1,Good,3,Sunny Intervals,Light winds from the east,E,E,Easterly,5,3,2024-10-30T09:51:00+00:00,2024-10-30T16:01:26.932Z,2650225,Edinburgh
Sunny and light winds,1,11,51,8,5,78,2024-11-04,0,Precipitation is not expected,1022,11,51,14:00,1,Good,1,Sunny,Light winds from the east,E,E,Easterly,5,3,2024-10-30T09:51:00+00:00,2024-10-30T16:01:26.932Z,2650225,Edinburgh
Sunny and light winds,1,11,51,8,5,78,2024-11-04,0,Precipitation is not expected,1022,11,51,15:00,1,Good,1,Sunny,Light winds from the east,E,E,Easterly,5,3,2024-10-30T09:51:00+00:00,2024-10-30T16:01:26.932Z,2650225,Edinburgh
Sunny and light winds,1,10,50,7,5,80,2024-11-04,0,Precipitation is not expected,1022,10,50,16:00,1,Good,1,Sunny,Light winds from the east,E,E,Easterly,7,4,2024-10-30T09:51:00+00:00,2024-10-30T16:01:26.932Z,2650225,Edinburgh
A clear sky and light winds,0,9,49,7,4,84,2024-11-04,0,Precipitation is not expected,1022,9,49,17:00,1,Good,0,Clear Sky,Light winds from the east,E,E,Easterly,6,4,2024-10-30T09:51:00+00:00,2024-10-30T16:01:26.932Z,2650225,Edinburgh
A clear sky and light winds,0,8,47,7,5,88,2024-11-04,0,Precipitation is not expected,1022,8,47,18:00,1,Good,0,Clear Sky,Light winds from the east,E,E,Easterly,6,4,2024-10-30T09:51:00+00:00,2024-10-30T16:01:26.932Z,2650225,Edinburgh
A clear sky and light winds,0,8,46,7,5,90,2024-11-04,0,Precipitation is not expected,1022,8,46,19:00,1,Good,0,Clear Sky,Light winds from the east,E,E,Easterly,6,4,2024-10-30T09:51:00+00:00,2024-10-30T16:01:26.932Z,2650225,Edinburgh
A clear sky and light winds,0,7,45,8,5,92,2024-11-04,0,Precipitation is not expected,1022,7,45,20:00,1,Good,0,Clear Sky,Light winds from the east south east,ESE,ESE,East South Easterly,6,4,2024-10-30T09:51:00+00:00,2024-10-30T16:01:26.932Z,2650225,Edinburgh
A clear sky and light winds,0,7,44,8,5,91,2024-11-04,0,Precipitation is not expected,1022,7,45,21:00,1,Good,0,Clear Sky,Light winds from the east south east,ESE,ESE,East South Easterly,6,4,2024-10-30T09:51:00+00:00,2024-10-30T16:01:26.932Z,2650225,Edinburgh
A clear sky and light winds,0,6,43,8,5,93,2024-11-04,0,Precipitation is not expected,1022,7,44,22:00,1,Good,0,Clear Sky,Light winds from the east south east,ESE,ESE,East South Easterly,6,4,2024-10-30T09:51:00+00:00,2024-10-30T16:01:26.932Z,2650225,Edinburgh
Partly cloudy and light winds,2,7,44,8,5,92,2024-11-04,0,Precipitation is not expected,1022,7,44,23:00,1,Moderate,2,Partly Cloudy,Light winds from the east south east,ESE,ESE,East South Easterly,5,3,2024-10-30T09:51:00+00:00,2024-10-30T16:01:26.932Z,2650225,Edinburgh
Partly cloudy and light winds,2,6,43,8,5,93,2024-11-05,0,Precipitation is not expected,1022,6,43,00:00,1,Moderate,2,Partly Cloudy,Light winds from the south east,SE,SE,South Easterly,5,3,2024-10-30T09:51:00+00:00,2024-10-30T16:01:26.932Z,2650225,Edinburgh
Partly cloudy and light winds,2,6,43,8,5,93,2024-11-05,0,Precipitation is not expected,1022,6,43,01:00,1,Moderate,2,Partly Cloudy,Light winds from the south east,SE,SE,South Easterly,6,4,2024-10-30T09:51:00+00:00,2024-10-30T16:01:26.932Z,2650225,Edinburgh
Partly cloudy and light winds,2,6,43,8,5,93,2024-11-05,0,Precipitation is not expected,1022,6,43,02:00,1,Moderate,2,Partly Cloudy,Light winds from the south south east,SSE,SSE,South South Easterly,5,3,2024-10-30T09:51:00+00:00,2024-10-30T16:01:26.932Z,2650225,Edinburgh
Partly cloudy and light winds,2,6,43,8,5,93,2024-11-05,0,Precipitation is not expected,1022,6,43,03:00,1,Moderate,2,Partly Cloudy,Light winds from the south south east,SSE,SSE,South South Easterly,5,3,2024-10-30T09:51:00+00:00,2024-10-30T16:01:26.932Z,2650225,Edinburgh
Partly cloudy and light winds,2,6,42,8,5,94,2024-11-05,0,Precipitation is not expected,1022,6,43,04:00,1,Moderate,2,Partly Cloudy,Light winds from the south south east,SSE,SSE,South South Easterly,6,4,2024-10-30T09:51:00+00:00,2024-10-30T16:01:26.932Z,2650225,Edinburgh
Misty and light winds,34,6,42,7,5,94,2024-11-05,0,Precipitation is not expected,1022,6,42,05:00,1,Moderate,5,Mist,Light winds from the south,S,S,Southerly,5,3,2024-10-30T09:51:00+00:00,2024-10-30T16:01:26.932Z,2650225,Edinburgh
Misty and light winds,34,6,42,8,5,95,2024-11-05,0,Precipitation is not expected,1021,6,43,06:00,1,Poor,5,Mist,Light winds from the south south east,SSE,SSE,South South Easterly,5,3,2024-10-30T09:51:00+00:00,2024-10-30T16:01:26.932Z,2650225,Edinburgh
Partly cloudy and light winds,2,6,43,8,5,95,2024-11-05,0,Precipitation is not expected,1022,6,43,07:00,1,Moderate,2,Partly Cloudy,Light winds from the south east,SE,SE,South Easterly,5,3,2024-10-30T09:51:00+00:00,2024-10-30T16:01:26.932Z,2650225,Edinburgh
Sunny intervals and light winds,3,7,44,9,5,95,2024-11-05,0,Precipitation is not expected,1022,7,44,08:00,1,Moderate,3,Sunny Intervals,Light winds from the south east,SE,SE,South Easterly,5,3,2024-10-30T09:51:00+00:00,2024-10-30T16:01:26.932Z,2650225,Edinburgh
Sunny intervals and light winds,3,8,46,10,6,92,2024-11-05,0,Precipitation is not expected,1022,8,46,09:00,1,Good,3,Sunny Intervals,Light winds from the south east,SE,SE,South Easterly,5,3,2024-10-30T09:51:00+00:00,2024-10-30T16:01:26.932Z,2650225,Edinburgh
Sunny intervals and light winds,3,9,48,11,7,87,2024-11-05,0,Precipitation is not expected,1022,9,48,10:00,1,Good,3,Sunny Intervals,Light winds from the south east,SE,SE,South Easterly,6,4,2024-10-30T09:51:00+00:00,2024-10-30T16:01:26.932Z,2650225,Edinburgh
Sunny intervals and light winds,3,10,50,13,8,84,2024-11-05,0,Precipitation is not expected,1022,10,50,11:00,1,Good,3,Sunny Intervals,Light winds from the east south east,ESE,ESE,East South Easterly,6,4,2024-10-30T09:51:00+00:00,2024-10-30T16:01:26.932Z,2650225,Edinburgh
Sunny intervals and light winds,3,11,51,11,7,83,2024-11-05,0,Precipitation is not expected,1022,11,51,12:00,1,Good,3,Sunny Intervals,Light winds from the east south east,ESE,ESE,East South Easterly,6,4,2024-10-30T09:51:00+00:00,2024-10-30T16:01:26.932Z,2650225,Edinburgh
Sunny intervals and light winds,3,11,52,9,6,82,2024-11-05,0,Precipitation is not expected,1022,11,51,13:00,1,Good,3,Sunny Intervals,Light winds from the east south east,ESE,ESE,East South Easterly,7,4,2024-10-30T09:51:00+00:00,2024-10-30T16:01:26.932Z,2650225,Edinburgh
Sunny intervals and light winds,3,11,52,8,5,82,2024-11-05,0,Precipitation is not expected,1022,11,52,14:00,1,Good,3,Sunny Intervals,Light winds from the east south east,ESE,ESE,East South Easterly,6,4,2024-10-30T09:51:00+00:00,2024-10-30T16:01:26.932Z,2650225,Edinburgh
Sunny intervals and light winds,3,11,52,8,5,81,2024-11-05,0,Precipitation is not expected,1022,11,52,15:00,1,Good,3,Sunny Intervals,Light winds from the east south east,ESE,ESE,East South Easterly,6,4,2024-10-30T09:51:00+00:00,2024-10-30T16:01:26.932Z,2650225,Edinburgh
Sunny intervals and light winds,3,11,51,8,5,84,2024-11-05,0,Precipitation is not expected,1022,11,51,16:00,1,Good,3,Sunny Intervals,Light winds from the east south east,ESE,ESE,East South Easterly,6,4,2024-10-30T09:51:00+00:00,2024-10-30T16:01:26.932Z,2650225,Edinburgh
Partly cloudy and light winds,2,10,50,9,5,87,2024-11-05,0,Precipitation is not expected,1022,10,50,17:00,1,Good,2,Partly Cloudy,Light winds from the east south east,ESE,ESE,East South Easterly,7,4,2024-10-30T09:51:00+00:00,2024-10-30T16:01:26.932Z,2650225,Edinburgh
Partly cloudy and light winds,2,9,49,9,6,91,2024-11-05,0,Precipitation is not expected,1022,9,49,18:00,1,Good,2,Partly Cloudy,Light winds from the south east,SE,SE,South Easterly,7,4,2024-10-30T09:51:00+00:00,2024-10-30T16:01:26.932Z,2650225,Edinburgh
Partly cloudy and light winds,2,9,48,9,6,92,2024-11-05,0,Precipitation is not expected,1022,9,48,19:00,1,Good,2,Partly Cloudy,Light winds from the south east,SE,SE,South Easterly,7,4,2024-10-30T09:51:00+00:00,2024-10-30T16:01:26.932Z,2650225,Edinburgh
Partly cloudy and light winds,2,9,47,9,6,94,2024-11-05,0,Precipitation is not expected,1023,8,47,20:00,1,Moderate,2,Partly Cloudy,Light winds from the south east,SE,SE,South Easterly,7,4,2024-10-30T09:51:00+00:00,2024-10-30T16:01:26.932Z,2650225,Edinburgh
Partly cloudy and light winds,2,8,47,10,6,93,2024-11-05,0,Precipitation is not expected,1023,8,47,21:00,1,Moderate,2,Partly Cloudy,Light winds from the south east,SE,SE,South Easterly,6,4,2024-10-30T09:51:00+00:00,2024-10-30T16:01:26.932Z,2650225,Edinburgh
Light cloud and light winds,36,8,47,10,6,93,2024-11-05,0,Precipitation is not expected,1023,8,47,22:00,1,Moderate,7,Light Cloud,Light winds from the south south east,SSE,SSE,South South Easterly,6,4,2024-10-30T09:51:00+00:00,2024-10-30T16:01:26.932Z,2650225,Edinburgh
Light cloud and light winds,36,8,46,11,7,95,2024-11-05,0,Precipitation is not expected,1023,8,46,23:00,1,Moderate,7,Light Cloud,Light winds from the south south east,SSE,SSE,South South Easterly,6,4,2024-10-30T09:51:00+00:00,2024-10-30T16:01:26.932Z,2650225,Edinburgh
Misty and light winds,34,8,46,13,8,95,2024-11-06,0,Precipitation is not expected,1023,8,46,00:00,1,Moderate,5,Mist,Light winds from the south south east,SSE,SSE,South South Easterly,6,4,2024-10-30T09:51:00+00:00,2024-10-30T16:01:26.932Z,2650225,Edinburgh
Partly cloudy and light winds,2,8,46,14,9,95,2024-11-06,0,Precipitation is not expected,1023,8,46,01:00,1,Moderate,2,Partly Cloudy,Light winds from the south,S,S,Southerly,7,4,2024-10-30T09:51:00+00:00,2024-10-30T16:01:26.932Z,2650225,Edinburgh
Partly cloudy and light winds,2,8,47,14,9,94,2024-11-06,0,Precipitation is not expected,1023,8,47,02:00,1,Moderate,2,Partly Cloudy,Light winds from the south south west,SSW,SSW,South South Westerly,7,4,2024-10-30T09:51:00+00:00,2024-10-30T16:01:26.932Z,2650225,Edinburgh
Partly cloudy and light winds,2,8,47,15,9,93,2024-11-06,0,Precipitation is not expected,1023,8,47,03:00,1,Moderate,2,Partly Cloudy,Light winds from the south south west,SSW,SSW,South South Westerly,7,5,2024-10-30T09:51:00+00:00,2024-10-30T16:01:26.932Z,2650225,Edinburgh
Light cloud and light winds,36,8,47,15,9,94,2024-11-06,0,Precipitation is not expected,1023,8,47,04:00,1,Moderate,7,Light Cloud,Light winds from the south south west,SSW,SSW,South South Westerly,7,5,2024-10-30T09:51:00+00:00,2024-10-30T16:01:26.932Z,2650225,Edinburgh
Light cloud and light winds,36,8,47,16,10,93,2024-11-06,0,Precipitation is not expected,1023,8,47,05:00,1,Moderate,7,Light Cloud,Light winds from the south,S,S,Southerly,7,5,2024-10-30T09:51:00+00:00,2024-10-30T16:01:26.932Z,2650225,Edinburgh
Light cloud and light winds,36,8,46,17,11,94,2024-11-06,0,Precipitation is not expected,1023,9,47,06:00,1,Moderate,7,Light Cloud,Light winds from the south,S,S,Southerly,8,5,2024-10-30T09:51:00+00:00,2024-10-30T16:01:26.932Z,2650225,Edinburgh
Light cloud and light winds,36,8,47,19,12,94,2024-11-06,21,Low chance of precipitation,1023,9,48,07:00,1,Moderate,7,Light Cloud,Light winds from the south south east,SSE,SSE,South South Easterly,8,5,2024-10-30T09:51:00+00:00,2024-10-30T16:01:26.932Z,2650225,Edinburgh
Light cloud and light winds,7,9,48,22,14,94,2024-11-06,21,Low chance of precipitation,1024,9,49,08:00,1,Moderate,7,Light Cloud,Light winds from the south east,SE,SE,South Easterly,8,5,2024-10-30T09:51:00+00:00,2024-10-30T16:01:26.932Z,2650225,Edinburgh
Light cloud and light winds,7,10,49,24,15,91,2024-11-06,23,Low chance of precipitation,1024,10,50,09:00,1,Good,7,Light Cloud,Light winds from the south east,SE,SE,South Easterly,9,6,2024-10-30T09:51:00+00:00,2024-10-30T16:01:26.932Z,2650225,Edinburgh
Drizzle and light winds,11,11,51,24,15,87,2024-11-06,35,Chance of precipitation,1024,11,52,10:00,1,Good,11,Drizzle,Light winds from the south,S,S,Southerly,10,6,2024-10-30T09:51:00+00:00,2024-10-30T16:01:26.932Z,2650225,Edinburgh
Drizzle and light winds,11,12,53,24,15,85,2024-11-06,35,Chance of precipitation,1025,12,53,11:00,1,Good,11,Drizzle,Light winds from the south east,SE,SE,South Easterly,10,6,2024-10-30T09:51:00+00:00,2024-10-30T16:01:26.932Z,2650225,Edinburgh
Drizzle and light winds,11,12,54,26,16,83,2024-11-06,35,Chance of precipitation,1025,12,54,12:00,1,Good,11,Drizzle,Light winds from the south east,SE,SE,South Easterly,10,6,2024-10-30T09:51:00+00:00,2024-10-30T16:01:26.932Z,2650225,Edinburgh
Light cloud and light winds,7,12,54,25,16,83,2024-11-06,29,Low chance of precipitation,1025,12,54,13:00,1,Good,7,Light Cloud,Light winds from the south south west,SSW,SSW,South South Westerly,10,6,2024-10-30T09:51:00+00:00,2024-10-30T16:01:26.932Z,2650225,Edinburgh
Sunny intervals and light winds,3,12,54,25,15,83,2024-11-06,29,Low chance of precipitation,1025,13,55,14:00,1,Good,3,Sunny Intervals,Light winds from the south south west,SSW,SSW,South South Westerly,10,6,2024-10-30T09:51:00+00:00,2024-10-30T16:01:26.932Z,2650225,Edinburgh
Sunny intervals and light winds,3,12,54,24,15,83,2024-11-06,29,Low chance of precipitation,1026,12,54,15:00,1,Good,3,Sunny Intervals,Light winds from the south,S,S,Southerly,10,6,2024-10-30T09:51:00+00:00,2024-10-30T16:01:26.932Z,2650225,Edinburgh
Drizzle and light winds,11,12,53,24,15,84,2024-11-06,31,Chance of precipitation,1026,12,54,16:00,1,Good,11,Drizzle,Light winds from the south,S,S,Southerly,10,6,2024-10-30T09:51:00+00:00,2024-10-30T16:01:26.932Z,2650225,Edinburgh
Partly cloudy and light winds,2,11,52,23,15,87,2024-11-06,31,Chance of precipitation,1026,11,53,17:00,1,Good,2,Partly Cloudy,Light winds from the south,S,S,Southerly,10,6,2024-10-30T09:51:00+00:00,2024-10-30T16:01:26.932Z,2650225,Edinburgh
A clear sky and light winds,0,11,51,20,12,90,2024-11-06,31,Chance of precipitation,1027,11,52,18:00,1,Good,0,Clear Sky,Light winds from the south,S,S,Southerly,10,6,2024-10-30T09:51:00+00:00,2024-10-30T16:01:26.932Z,2650225,Edinburgh
A clear sky and light winds,0,10,50,16,10,92,2024-11-06,0,Precipitation is not expected,1027,10,51,19:00,1,Good,0,Clear Sky,Light winds from the south,S,S,Southerly,9,6,2024-10-30T09:51:00+00:00,2024-10-30T16:01:26.932Z,2650225,Edinburgh
A clear sky and light winds,0,9,49,12,8,93,2024-11-06,0,Precipitation is not expected,1028,10,50,20:00,1,Good,0,Clear Sky,Light winds from the south,S,S,Southerly,9,5,2024-10-30T09:51:00+00:00,2024-10-30T16:01:26.932Z,2650225,Edinburgh
A clear sky and light winds,0,9,48,12,7,94,2024-11-06,0,Precipitation is not expected,1028,9,49,21:00,1,Good,0,Clear Sky,Light winds from the south,S,S,Southerly,8,5,2024-10-30T09:51:00+00:00,2024-10-30T16:01:26.932Z,2650225,Edinburgh
Partly cloudy and light winds,2,9,48,11,7,94,2024-11-06,19,Low chance of precipitation,1028,9,49,22:00,1,Moderate,2,Partly Cloudy,Light winds from the south,S,S,Southerly,8,5,2024-10-30T09:51:00+00:00,2024-10-30T16:01:26.932Z,2650225,Edinburgh
Partly cloudy and light winds,2,9,49,10,6,96,2024-11-06,19,Low chance of precipitation,1029,9,48,23:00,1,Moderate,2,Partly Cloudy,Light winds from the south south east,SSE,SSE,South South Easterly,7,5,2024-10-30T09:51:00+00:00,2024-10-30T16:01:26.932Z,2650225,Edinburgh
Drizzle and light winds,38,9,48,11,7,97,2024-11-07,32,Chance of precipitation,1029,9,48,00:00,1,Moderate,11,Drizzle,Light winds from the south south east,SSE,SSE,South South Easterly,7,5,2024-10-30T09:51:00+00:00,2024-10-30T16:01:26.932Z,2650225,Edinburgh
Misty and light winds,34,9,48,12,8,96,2024-11-07,0,Precipitation is not expected,1029,9,48,01:00,1,Moderate,5,Mist,Light winds from the south south east,SSE,SSE,South South Easterly,7,5,2024-10-30T09:51:00+00:00,2024-10-30T16:01:26.932Z,2650225,Edinburgh
Misty and light winds,34,9,48,14,9,96,2024-11-07,0,Precipitation is not expected,1029,9,47,02:00,1,Moderate,5,Mist,Light winds from the south south east,SSE,SSE,South South Easterly,7,4,2024-10-30T09:51:00+00:00,2024-10-30T16:01:26.932Z,2650225,Edinburgh
Misty and light winds,34,9,47,13,8,95,2024-11-07,0,Precipitation is not expected,1029,8,47,03:00,1,Moderate,5,Mist,Light winds from the south east,SE,SE,South Easterly,7,5,2024-10-30T09:51:00+00:00,2024-10-30T16:01:26.932Z,2650225,Edinburgh
Misty and light winds,34,8,47,12,7,96,2024-11-07,0,Precipitation is not expected,1029,8,47,04:00,1,Moderate,5,Mist,Light winds from the south south east,SSE,SSE,South South Easterly,7,5,2024-10-30T09:51:00+00:00,2024-10-30T16:01:26.932Z,2650225,Edinburgh
Misty and light winds,34,9,47,11,7,95,2024-11-07,0,Precipitation is not expected,1029,8,47,05:00,1,Moderate,5,Mist,Light winds from the south east,SE,SE,South Easterly,7,4,2024-10-30T09:51:00+00:00,2024-10-30T16:01:26.932Z,2650225,Edinburgh
Misty and light winds,34,8,47,12,7,95,2024-11-07,0,Precipitation is not expected,1029,8,47,06:00,1,Poor,5,Mist,Light winds from the south east,SE,SE,South Easterly,7,5,2024-10-30T16:01:26+00:00,2024-10-30T16:01:26.932Z,2650225,Edinburgh
Light cloud and light winds,36,9,47,13,8,96,2024-11-07,0,Precipitation is not expected,1030,8,47,07:00,1,Moderate,7,Light Cloud,Light winds from the south east,SE,SE,South Easterly,7,4,2024-10-30T16:01:26+00:00,2024-10-30T16:01:26.932Z,2650225,Edinburgh
Light cloud and light winds,7,9,48,14,9,96,2024-11-07,0,Precipitation is not expected,1030,9,48,08:00,1,Moderate,7,Light Cloud,Light winds from the east south east,ESE,ESE,East South Easterly,7,4,2024-10-30T16:01:26+00:00,2024-10-30T16:01:26.932Z,2650225,Edinburgh
Light cloud and light winds,7,9,48,13,8,94,2024-11-07,0,Precipitation is not expected,1030,10,49,09:00,1,Moderate,7,Light Cloud,Light winds from the east south east,ESE,ESE,East South Easterly,8,5,2024-10-30T16:01:26+00:00,2024-10-30T16:01:26.932Z,2650225,Edinburgh
Light cloud and light winds,7,10,51,12,8,88,2024-11-07,0,Precipitation is not expected,1030,11,51,10:00,1,Moderate,7,Light Cloud,Light winds from the south east,SE,SE,South Easterly,9,5,2024-10-30T16:01:26+00:00,2024-10-30T16:01:26.932Z,2650225,Edinburgh
Light cloud and light winds,7,11,52,12,7,86,2024-11-07,0,Precipitation is not expected,1030,12,53,11:00,1,Moderate,7,Light Cloud,Light winds from the east south east,ESE,ESE,East South Easterly,9,6,2024-10-30T16:01:26+00:00,2024-10-30T16:01:26.932Z,2650225,Edinburgh
Light cloud and light winds,7,12,53,12,7,83,2024-11-07,0,Precipitation is not expected,1030,12,53,12:00,1,Moderate,7,Light Cloud,Light winds from the east south east,ESE,ESE,East South Easterly,9,6,2024-10-30T16:01:26+00:00,2024-10-30T16:01:26.932Z,2650225,Edinburgh
Light cloud and light winds,7,12,54,11,7,83,2024-11-07,0,Precipitation is not expected,1030,12,54,13:00,1,Good,7,Light Cloud,Light winds from the east south east,ESE,ESE,East South Easterly,10,6,2024-10-30T16:01:26+00:00,2024-10-30T16:01:26.932Z,2650225,Edinburgh
Light cloud and light winds,7,12,54,11,7,82,2024-11-07,0,Precipitation is not expected,1029,12,54,14:00,1,Good,7,Light Cloud,Light winds from the east south east,ESE,ESE,East South Easterly,10,6,2024-10-30T16:01:26+00:00,2024-10-30T16:01:26.932Z,2650225,Edinburgh
Light cloud and light winds,7,12,53,12,7,80,2024-11-07,0,Precipitation is not expected,1029,12,54,15:00,1,Good,7,Light Cloud,Light winds from the east south east,ESE,ESE,East South Easterly,9,6,2024-10-30T16:01:26+00:00,2024-10-30T16:01:26.932Z,2650225,Edinburgh
Sunny intervals and light winds,3,11,53,12,7,82,2024-11-07,0,Precipitation is not expected,1029,12,53,16:00,1,Good,3,Sunny Intervals,Light winds from the south east,SE,SE,South Easterly,10,6,2024-10-30T16:01:26+00:00,2024-10-30T16:01:26.932Z,2650225,Edinburgh
Partly cloudy and light winds,2,11,51,13,8,84,2024-11-07,0,Precipitation is not expected,1028,11,52,17:00,1,Good,2,Partly Cloudy,Light winds from the south east,SE,SE,South Easterly,10,6,2024-10-30T16:01:26+00:00,2024-10-30T16:01:26.932Z,2650225,Edinburgh
Partly cloudy and light winds,2,10,50,17,11,88,2024-11-07,0,Precipitation is not expected,1028,11,51,18:00,1,Good,2,Partly Cloudy,Light winds from the south east,SE,SE,South Easterly,10,6,2024-10-30T16:01:26+00:00,2024-10-30T16:01:26.932Z,2650225,Edinburgh
Drizzle and light winds,38,10,50,19,12,90,2024-11-07,34,Chance of precipitation,1028,10,51,19:00,1,Good,11,Drizzle,Light winds from the south south east,SSE,SSE,South South Easterly,10,6,2024-10-30T16:01:26+00:00,2024-10-30T16:01:26.932Z,2650225,Edinburgh
Drizzle and light winds,38,10,49,22,14,92,2024-11-07,47,Chance of precipitation,1028,10,50,20:00,1,Good,11,Drizzle,Light winds from the south,S,S,Southerly,10,6,2024-10-30T16:01:26+00:00,2024-10-30T16:01:26.932Z,2650225,Edinburgh
Drizzle and light winds,38,9,49,27,17,91,2024-11-07,34,Chance of precipitation,1028,10,50,21:00,1,Good,11,Drizzle,Light winds from the south,S,S,Southerly,10,6,2024-10-30T16:01:26+00:00,2024-10-30T16:01:26.932Z,2650225,Edinburgh
Partly cloudy and light winds,2,9,49,28,18,92,2024-11-07,18,Low chance of precipitation,1027,10,50,22:00,1,Good,2,Partly Cloudy,Light winds from the south,S,S,Southerly,11,7,2024-10-30T16:01:26+00:00,2024-10-30T16:01:26.932Z,2650225,Edinburgh
Partly cloudy and light winds,2,9,48,30,19,93,2024-11-07,18,Low chance of precipitation,1027,10,50,23:00,1,Good,2,Partly Cloudy,Light winds from the south,S,S,Southerly,11,7,2024-10-30T16:01:26+00:00,2024-10-30T16:01:26.932Z,2650225,Edinburgh
Light cloud and light winds,36,9,48,31,19,92,2024-11-08,22,Low chance of precipitation,1027,10,50,00:00,1,Good,7,Light Cloud,Light winds from the south,S,S,Southerly,12,7,2024-10-30T16:01:26+00:00,2024-10-30T16:01:26.932Z,2650225,Edinburgh
Light cloud and light winds,36,9,48,30,19,93,2024-11-08,0,Precipitation is not expected,1027,10,50,01:00,1,Good,7,Light Cloud,Light winds from the south south west,SSW,SSW,South South Westerly,12,7,2024-10-30T16:01:26+00:00,2024-10-30T16:01:26.932Z,2650225,Edinburgh
Light cloud and light winds,36,9,48,29,18,92,2024-11-08,0,Precipitation is not expected,1027,10,50,02:00,1,Good,7,Light Cloud,Light winds from the south south west,SSW,SSW,South South Westerly,11,7,2024-10-30T16:01:26+00:00,2024-10-30T16:01:26.932Z,2650225,Edinburgh
Partly cloudy and light winds,2,9,48,29,18,93,2024-11-08,0,Precipitation is not expected,1027,10,50,03:00,1,Good,2,Partly Cloudy,Light winds from the south south west,SSW,SSW,South South Westerly,11,7,2024-10-30T16:01:26+00:00,2024-10-30T16:01:26.932Z,2650225,Edinburgh
Light cloud and light winds,36,9,48,29,18,93,2024-11-08,0,Precipitation is not expected,1027,10,50,04:00,1,Good,7,Light Cloud,Light winds from the south south west,SSW,SSW,South South Westerly,11,7,2024-10-30T16:01:26+00:00,2024-10-30T16:01:26.932Z,2650225,Edinburgh
Light cloud and light winds,36,9,48,27,17,93,2024-11-08,0,Precipitation is not expected,1027,10,50,05:00,1,Good,7,Light Cloud,Light winds from the south west,SW,SW,South Westerly,12,7,2024-10-30T16:01:26+00:00,2024-10-30T16:01:26.932Z,2650225,Edinburgh
Light cloud and light winds,36,9,48,27,17,93,2024-11-08,0,Precipitation is not expected,1027,10,50,06:00,1,Good,7,Light Cloud,Light winds from the south,S,S,Southerly,11,7,2024-10-30T16:01:26+00:00,2024-10-30T16:01:26.932Z,2650225,Edinburgh
Light cloud and light winds,36,9,48,27,17,93,2024-11-08,0,Precipitation is not expected,1028,10,50,07:00,1,Good,7,Light Cloud,Light winds from the south,S,S,Southerly,11,7,2024-10-30T16:01:26+00:00,2024-10-30T16:01:26.932Z,2650225,Edinburgh
Light cloud and light winds,7,9,49,31,19,94,2024-11-08,0,Precipitation is not expected,1028,10,50,08:00,1,Good,7,Light Cloud,Light winds from the south,S,S,Southerly,11,7,2024-10-30T16:01:26+00:00,2024-10-30T16:01:26.932Z,2650225,Edinburgh
Sunny intervals and a gentle breeze,3,10,50,33,21,92,2024-11-08,0,Precipitation is not expected,1028,11,51,09:00,1,Good,3,Sunny Intervals,A gentle breeze from the south,S,S,Southerly,12,8,2024-10-30T16:01:26+00:00,2024-10-30T16:01:26.932Z,2650225,Edinburgh
Sunny intervals and a gentle breeze,3,11,52,37,23,87,2024-11-08,0,Precipitation is not expected,1028,12,53,10:00,1,Good,3,Sunny Intervals,A gentle breeze from the south south west,SSW,SSW,South South Westerly,13,8,2024-10-30T16:01:26+00:00,2024-10-30T16:01:26.932Z,2650225,Edinburgh
Light cloud and a gentle breeze,7,12,53,39,24,85,2024-11-08,0,Precipitation is not expected,1028,12,54,11:00,1,Good,7,Light Cloud,A gentle breeze from the south south west,SSW,SSW,South South Westerly,15,9,2024-10-30T16:01:26+00:00,2024-10-30T16:01:26.932Z,2650225,Edinburgh
Light cloud and a gentle breeze,7,12,54,40,25,83,2024-11-08,0,Precipitation is not expected,1028,13,55,12:00,1,Good,7,Light Cloud,A gentle breeze from the south south west,SSW,SSW,South South Westerly,16,10,2024-10-30T16:01:26+00:00,2024-10-30T16:01:26.932Z,2650225,Edinburgh
Light cloud and a gentle breeze,7,12,54,37,23,83,2024-11-08,0,Precipitation is not expected,1028,13,55,13:00,1,Good,7,Light Cloud,A gentle breeze from the south south west,SSW,SSW,South South Westerly,16,10,2024-10-30T16:01:26+00:00,2024-10-30T16:01:26.932Z,2650225,Edinburgh
Sunny intervals and a gentle breeze,3,13,55,32,20,81,2024-11-08,0,Precipitation is not expected,1027,13,55,14:00,1,Good,3,Sunny Intervals,A gentle breeze from the south south west,SSW,SSW,South South Westerly,16,10,2024-10-30T16:01:26+00:00,2024-10-30T16:01:26.932Z,2650225,Edinburgh
Sunny intervals and a gentle breeze,3,13,55,31,19,81,2024-11-08,0,Precipitation is not expected,1027,13,55,15:00,1,Good,3,Sunny Intervals,A gentle breeze from the south south east,SSE,SSE,South South Easterly,15,9,2024-10-30T16:01:26+00:00,2024-10-30T16:01:26.932Z,2650225,Edinburgh
Sunny intervals and a gentle breeze,3,12,53,32,20,82,2024-11-08,0,Precipitation is not expected,1027,12,54,16:00,1,Good,3,Sunny Intervals,A gentle breeze from the south south east,SSE,SSE,South South Easterly,14,9,2024-10-30T16:01:26+00:00,2024-10-30T16:01:26.932Z,2650225,Edinburgh
Partly cloudy and a gentle breeze,2,11,52,30,19,84,2024-11-08,0,Precipitation is not expected,1027,12,53,17:00,1,Good,2,Partly Cloudy,A gentle breeze from the south,S,S,Southerly,14,9,2024-10-30T16:01:26+00:00,2024-10-30T16:01:26.932Z,2650225,Edinburgh
Partly cloudy and a gentle breeze,2,11,51,32,20,87,2024-11-08,0,Precipitation is not expected,1027,11,52,18:00,1,Good,2,Partly Cloudy,A gentle breeze from the south,S,S,Southerly,13,8,2024-10-30T16:01:26+00:00,2024-10-30T16:01:26.932Z,2650225,Edinburgh
Partly cloudy and a gentle breeze,2,10,50,34,21,89,2024-11-08,0,Precipitation is not expected,1027,11,51,19:00,1,Good,2,Partly Cloudy,A gentle breeze from the south,S,S,Southerly,13,8,2024-10-30T16:01:26+00:00,2024-10-30T16:01:26.932Z,2650225,Edinburgh
A clear sky and a gentle breeze,0,9,49,35,22,90,2024-11-08,0,Precipitation is not expected,1027,10,51,20:00,1,Good,0,Clear Sky,A gentle breeze from the south south west,SSW,SSW,South South Westerly,13,8,2024-10-30T16:01:26+00:00,2024-10-30T16:01:26.932Z,2650225,Edinburgh
A clear sky and a gentle breeze,0,9,48,36,23,90,2024-11-08,0,Precipitation is not expected,1027,10,50,21:00,1,Good,0,Clear Sky,A gentle breeze from the south south west,SSW,SSW,South South Westerly,13,8,2024-10-30T16:01:26+00:00,2024-10-30T16:01:26.932Z,2650225,Edinburgh
A clear sky and a gentle breeze,0,9,47,35,22,90,2024-11-08,0,Precipitation is not expected,1027,10,50,22:00,1,Good,0,Clear Sky,A gentle breeze from the south south west,SSW,SSW,South South Westerly,14,9,2024-10-30T16:01:26+00:00,2024-10-30T16:01:26.932Z,2650225,Edinburgh
A clear sky and a gentle breeze,0,8,47,35,22,91,2024-11-08,0,Precipitation is not expected,1027,9,49,23:00,1,Good,0,Clear Sky,A gentle breeze from the south west,SW,SW,South Westerly,13,8,2024-10-30T16:01:26+00:00,2024-10-30T16:01:26.932Z,2650225,Edinburgh
A clear sky and a gentle breeze,0,8,47,37,23,92,2024-11-09,0,Precipitation is not expected,1027,9,49,00:00,1,Good,0,Clear Sky,A gentle breeze from the south west,SW,SW,South Westerly,13,8,2024-10-30T16:01:26+00:00,2024-10-30T16:01:26.932Z,2650225,Edinburgh
A clear sky and a gentle breeze,0,8,46,36,22,92,2024-11-09,0,Precipitation is not expected,1026,9,49,01:00,1,Good,0,Clear Sky,A gentle breeze from the south west,SW,SW,South Westerly,14,9,2024-10-30T16:01:26+00:00,2024-10-30T16:01:26.932Z,2650225,Edinburgh
A clear sky and a gentle breeze,0,8,46,35,22,92,2024-11-09,0,Precipitation is not expected,1026,9,48,02:00,1,Good,0,Clear Sky,A gentle breeze from the south west,SW,SW,South Westerly,13,8,2024-10-30T16:01:26+00:00,2024-10-30T16:01:26.932Z,2650225,Edinburgh
A clear sky and a gentle breeze,0,7,45,34,21,92,2024-11-09,0,Precipitation is not expected,1026,9,48,03:00,1,Good,0,Clear Sky,A gentle breeze from the south west,SW,SW,South Westerly,13,8,2024-10-30T16:01:26+00:00,2024-10-30T16:01:26.932Z,2650225,Edinburgh
A clear sky and a gentle breeze,0,7,45,31,19,92,2024-11-09,0,Precipitation is not expected,1026,9,48,04:00,1,Good,0,Clear Sky,A gentle breeze from the south west,SW,SW,South Westerly,14,9,2024-10-30T16:01:26+00:00,2024-10-30T16:01:26.932Z,2650225,Edinburgh
A clear sky and a gentle breeze,0,8,46,28,17,91,2024-11-09,0,Precipitation is not expected,1026,9,48,05:00,1,Good,0,Clear Sky,A gentle breeze from the south west,SW,SW,South Westerly,13,8,2024-10-30T16:01:26+00:00,2024-10-30T16:01:26.932Z,2650225,Edinburgh
A clear sky and a gentle breeze,0,8,46,28,18,90,2024-11-09,0,Precipitation is not expected,1026,9,48,06:00,1,Good,0,Clear Sky,A gentle breeze from the south south west,SSW,SSW,South South Westerly,13,8,2024-10-30T16:01:26+00:00,2024-10-30T16:01:26.932Z,2650225,Edinburgh
A clear sky and a gentle breeze,0,8,46,29,18,91,2024-11-09,0,Precipitation is not expected,1026,9,48,07:00,1,Good,0,Clear Sky,A gentle breeze from the south south west,SSW,SSW,South South Westerly,13,8,2024-10-30T16:01:26+00:00,2024-10-30T16:01:26.932Z,2650225,Edinburgh
Sunny and a gentle breeze,1,8,47,29,18,91,2024-11-09,0,Precipitation is not expected,1026,9,49,08:00,1,Good,1,Sunny,A gentle breeze from the south south west,SSW,SSW,South South Westerly,13,8,2024-10-30T16:01:26+00:00,2024-10-30T16:01:26.932Z,2650225,Edinburgh
Sunny and a gentle breeze,1,9,49,30,19,89,2024-11-09,0,Precipitation is not expected,1026,10,51,09:00,1,Good,1,Sunny,A gentle breeze from the south south west,SSW,SSW,South South Westerly,13,8,2024-10-30T16:01:26+00:00,2024-10-30T16:01:26.932Z,2650225,Edinburgh
Sunny and a gentle breeze,1,11,51,32,20,84,2024-11-09,0,Precipitation is not expected,1026,11,52,10:00,1,Good,1,Sunny,A gentle breeze from the south south west,SSW,SSW,South South Westerly,14,9,2024-10-30T16:01:26+00:00,2024-10-30T16:01:26.932Z,2650225,Edinburgh
Sunny and a gentle breeze,1,11,52,34,21,82,2024-11-09,0,Precipitation is not expected,1026,12,53,11:00,1,Good,1,Sunny,A gentle breeze from the south south west,SSW,SSW,South South Westerly,14,9,2024-10-30T16:01:26+00:00,2024-10-30T16:01:26.932Z,2650225,Edinburgh
Sunny and a gentle breeze,1,12,53,34,21,80,2024-11-09,0,Precipitation is not expected,1026,12,54,12:00,1,Good,1,Sunny,A gentle breeze from the south south west,SSW,SSW,South South Westerly,15,9,2024-10-30T16:01:26+00:00,2024-10-30T16:01:26.932Z,2650225,Edinburgh
Sunny and a gentle breeze,1,12,53,34,21,79,2024-11-09,0,Precipitation is not expected,1025,12,54,13:00,1,Good,1,Sunny,A gentle breeze from the south south west,SSW,SSW,South South Westerly,15,9,2024-10-30T16:01:26+00:00,2024-10-30T16:01:26.932Z,2650225,Edinburgh
Sunny and a gentle breeze,1,12,54,33,21,78,2024-11-09,0,Precipitation is not expected,1025,13,55,14:00,1,Good,1,Sunny,A gentle breeze from the south south west,SSW,SSW,South South Westerly,15,9,2024-10-30T16:01:26+00:00,2024-10-30T16:01:26.932Z,2650225,Edinburgh
Sunny and a gentle breeze,1,12,54,29,18,77,2024-11-09,0,Precipitation is not expected,1025,13,55,15:00,1,Good,1,Sunny,A gentle breeze from the south south west,SSW,SSW,South South Westerly,15,9,2024-10-30T16:01:26+00:00,2024-10-30T16:01:26.932Z,2650225,Edinburgh
Sunny and a gentle breeze,1,11,53,25,16,79,2024-11-09,0,Precipitation is not expected,1025,12,54,16:00,1,Good,1,Sunny,A gentle breeze from the south south west,SSW,SSW,South South Westerly,15,9,2024-10-30T16:01:26+00:00,2024-10-30T16:01:26.932Z,2650225,Edinburgh
A clear sky and a gentle breeze,0,11,51,21,13,83,2024-11-09,0,Precipitation is not expected,1024,11,53,17:00,1,Good,0,Clear Sky,A gentle breeze from the south,S,S,Southerly,14,9,2024-10-30T16:01:26+00:00,2024-10-30T16:01:26.932Z,2650225,Edinburgh
A clear sky and a gentle breeze,0,10,49,22,14,86,2024-11-09,0,Precipitation is not expected,1024,11,51,18:00,1,Good,0,Clear Sky,A gentle breeze from the south south west,SSW,SSW,South South Westerly,14,9,2024-10-30T16:01:26+00:00,2024-10-30T16:01:26.932Z,2650225,Edinburgh
A clear sky and a gentle breeze,0,9,48,22,14,87,2024-11-09,0,Precipitation is not expected,1024,10,50,19:00,1,Good,0,Clear Sky,A gentle breeze from the south south west,SSW,SSW,South South Westerly,14,9,2024-10-30T16:01:26+00:00,2024-10-30T16:01:26.932Z,2650225,Edinburgh
A clear sky and a gentle breeze,0,9,48,23,14,88,2024-11-09,33,Chance of precipitation,1024,10,50,20:00,1,Good,0,Clear Sky,A gentle breeze from the south south west,SSW,SSW,South South Westerly,13,8,2024-10-30T16:01:26+00:00,2024-10-30T16:01:26.932Z,2650225,Edinburgh
A clear sky and a gentle breeze,0,9,47,23,15,88,2024-11-09,0,Precipitation is not expected,1024,10,49,21:00,1,Good,0,Clear Sky,A gentle breeze from the south south west,SSW,SSW,South South Westerly,13,8,2024-10-30T16:01:26+00:00,2024-10-30T16:01:26.932Z,2650225,Edinburgh
A clear sky and a gentle breeze,0,8,47,24,15,88,2024-11-09,0,Precipitation is not expected,1024,10,49,22:00,1,Good,0,Clear Sky,A gentle breeze from the south south west,SSW,SSW,South South Westerly,13,8,2024-10-30T16:01:26+00:00,2024-10-30T16:01:26.932Z,2650225,Edinburgh
A clear sky and a gentle breeze,0,8,47,24,15,89,2024-11-09,0,Precipitation is not expected,1024,9,49,23:00,1,Good,0,Clear Sky,A gentle breeze from the south west,SW,SW,South Westerly,13,8,2024-10-30T16:01:26+00:00,2024-10-30T16:01:26.932Z,2650225,Edinburgh
A clear sky and a gentle breeze,0,8,47,26,16,89,2024-11-10,0,Precipitation is not expected,1023,9,49,00:00,1,Good,0,Clear Sky,A gentle breeze from the south south west,SSW,SSW,South South Westerly,12,8,2024-10-30T16:01:26+00:00,2024-10-30T16:01:26.932Z,2650225,Edinburgh
A clear sky and a gentle breeze,0,8,46,27,17,88,2024-11-10,0,Precipitation is not expected,1023,9,49,01:00,1,Good,0,Clear Sky,A gentle breeze from the south west,SW,SW,South Westerly,13,8,2024-10-30T16:01:26+00:00,2024-10-30T16:01:26.932Z,2650225,Edinburgh
A clear sky and a gentle breeze,0,8,46,29,18,89,2024-11-10,0,Precipitation is not expected,1023,9,48,02:00,1,Good,0,Clear Sky,A gentle breeze from the south south west,SSW,SSW,South South Westerly,13,8,2024-10-30T16:01:26+00:00,2024-10-30T16:01:26.932Z,2650225,Edinburgh
A clear sky and a gentle breeze,0,7,45,33,20,89,2024-11-10,0,Precipitation is not expected,1023,9,48,03:00,1,Good,0,Clear Sky,A gentle breeze from the south west,SW,SW,South Westerly,13,8,2024-10-30T16:01:26+00:00,2024-10-30T16:01:26.932Z,2650225,Edinburgh
A clear sky and a gentle breeze,0,7,45,34,21,90,2024-11-10,0,Precipitation is not expected,1022,9,48,04:00,1,Good,0,Clear Sky,A gentle breeze from the south west,SW,SW,South Westerly,13,8,2024-10-30T16:01:26+00:00,2024-10-30T16:01:26.932Z,2650225,Edinburgh
Partly cloudy and a gentle breeze,2,7,45,36,22,89,2024-11-10,0,Precipitation is not expected,1022,9,48,05:00,1,Good,2,Partly Cloudy,A gentle breeze from the south west,SW,SW,South Westerly,13,8,2024-10-30T16:01:26+00:00,2024-10-30T16:01:26.932Z,2650225,Edinburgh
Light cloud and a gentle breeze,36,7,45,35,22,90,2024-11-10,0,Precipitation is not expected,1022,9,48,06:00,1,Good,7,Light Cloud,A gentle breeze from the south west,SW,SW,South Westerly,13,8,2024-10-30T16:01:26+00:00,2024-10-30T16:01:26.932Z,2650225,Edinburgh
Light cloud and a gentle breeze,36,7,45,35,22,91,2024-11-10,0,Precipitation is not expected,1022,9,48,07:00,1,Good,7,Light Cloud,A gentle breeze from the south west,SW,SW,South Westerly,13,8,2024-10-30T16:01:26+00:00,2024-10-30T16:01:26.932Z,2650225,Edinburgh
Light cloud and a gentle breeze,7,8,46,36,22,91,2024-11-10,0,Precipitation is not expected,1022,9,49,08:00,1,Good,7,Light Cloud,A gentle breeze from the south west,SW,SW,South Westerly,13,8,2024-10-30T16:01:26+00:00,2024-10-30T16:01:26.932Z,2650225,Edinburgh
Light cloud and a gentle breeze,7,9,48,37,23,88,2024-11-10,0,Precipitation is not expected,1022,10,50,09:00,1,Good,7,Light Cloud,A gentle breeze from the south south west,SSW,SSW,South South Westerly,14,9,2024-10-30T16:01:26+00:00,2024-10-30T16:01:26.932Z,2650225,Edinburgh
Sunny intervals and a gentle breeze,3,10,50,37,23,84,2024-11-10,0,Precipitation is not expected,1022,11,52,10:00,1,Good,3,Sunny Intervals,A gentle breeze from the south south west,SSW,SSW,South South Westerly,14,9,2024-10-30T16:01:26+00:00,2024-10-30T16:01:26.932Z,2650225,Edinburgh
Sunny intervals and a gentle breeze,3,11,51,38,24,81,2024-11-10,0,Precipitation is not expected,1022,12,53,11:00,1,Good,3,Sunny Intervals,A gentle breeze from the south south west,SSW,SSW,South South Westerly,15,9,2024-10-30T16:01:26+00:00,2024-10-30T16:01:26.932Z,2650225,Edinburgh
Sunny intervals and a gentle breeze,3,11,52,37,23,80,2024-11-10,0,Precipitation is not expected,1022,12,53,12:00,1,Good,3,Sunny Intervals,A gentle breeze from the south south west,SSW,SSW,South South Westerly,15,9,2024-10-30T16:01:26+00:00,2024-10-30T16:01:26.932Z,2650225,Edinburgh
Sunny intervals and a gentle breeze,3,11,52,34,21,79,2024-11-10,0,Precipitation is not expected,1022,12,53,13:00,1,Good,3,Sunny Intervals,A gentle breeze from the south south west,SSW,SSW,South South Westerly,16,10,2024-10-30T16:01:26+00:00,2024-10-30T16:01:26.932Z,2650225,Edinburgh
Sunny and a gentle breeze,1,11,53,32,20,77,2024-11-10,0,Precipitation is not expected,1021,12,54,14:00,1,Good,1,Sunny,A gentle breeze from the south south west,SSW,SSW,South South Westerly,15,9,2024-10-30T16:01:26+00:00,2024-10-30T16:01:26.932Z,2650225,Edinburgh
Sunny and a gentle breeze,1,11,52,25,15,77,2024-11-10,0,Precipitation is not expected,1021,12,54,15:00,1,Good,1,Sunny,A gentle breeze from the south,S,S,Southerly,14,9,2024-10-30T16:01:26+00:00,2024-10-30T16:01:26.932Z,2650225,Edinburgh
Sunny and a gentle breeze,1,11,51,18,11,79,2024-11-10,0,Precipitation is not expected,1022,11,53,16:00,1,Good,1,Sunny,A gentle breeze from the south south west,SSW,SSW,South South Westerly,14,9,2024-10-30T16:01:26+00:00,2024-10-30T16:01:26.932Z,2650225,Edinburgh
A clear sky and a gentle breeze,0,10,50,15,9,83,2024-11-10,0,Precipitation is not expected,1022,11,51,17:00,1,Good,0,Clear Sky,A gentle breeze from the south south west,SSW,SSW,South South Westerly,13,8,2024-10-30T16:01:26+00:00,2024-10-30T16:01:26.932Z,2650225,Edinburgh
A clear sky and a gentle breeze,0,9,48,14,9,86,2024-11-10,0,Precipitation is not expected,1022,10,50,18:00,1,Good,0,Clear Sky,A gentle breeze from the south,S,S,Southerly,13,8,2024-10-30T16:01:26+00:00,2024-10-30T16:01:26.932Z,2650225,Edinburgh
A clear sky and a gentle breeze,0,9,47,14,9,88,2024-11-10,0,Precipitation is not expected,1022,10,49,19:00,1,Good,0,Clear Sky,A gentle breeze from the south,S,S,Southerly,12,8,2024-10-30T16:01:26+00:00,2024-10-30T16:01:26.932Z,2650225,Edinburgh
A clear sky and light winds,0,8,46,13,8,90,2024-11-10,0,Precipitation is not expected,1022,9,48,20:00,1,Good,0,Clear Sky,Light winds from the south,S,S,Southerly,12,7,2024-10-30T16:01:26+00:00,2024-10-30T16:01:26.932Z,2650225,Edinburgh
A clear sky and light winds,0,8,46,13,8,90,2024-11-10,0,Precipitation is not expected,1022,9,48,21:00,1,Good,0,Clear Sky,Light winds from the south,S,S,Southerly,12,7,2024-10-30T16:01:26+00:00,2024-10-30T16:01:26.932Z,2650225,Edinburgh
A clear sky and light winds,0,7,46,12,7,90,2024-11-10,0,Precipitation is not expected,1022,9,48,22:00,1,Good,0,Clear Sky,Light winds from the south,S,S,Southerly,11,7,2024-10-30T16:01:26+00:00,2024-10-30T16:01:26.932Z,2650225,Edinburgh
A clear sky and light winds,0,7,45,13,8,90,2024-11-10,0,Precipitation is not expected,1022,9,47,23:00,1,Good,0,Clear Sky,Light winds from the south,S,S,Southerly,10,6,2024-10-30T16:01:26+00:00,2024-10-30T16:01:26.932Z,2650225,Edinburgh
A clear sky and light winds,0,7,45,16,10,91,2024-11-11,0,Precipitation is not expected,1022,8,47,00:00,1,Good,0,Clear Sky,Light winds from the south south west,SSW,SSW,South South Westerly,10,6,2024-10-30T16:01:26+00:00,2024-10-30T16:01:26.932Z,2650225,Edinburgh
A clear sky and light winds,0,7,45,18,11,90,2024-11-11,0,Precipitation is not expected,1022,8,47,01:00,1,Good,0,Clear Sky,Light winds from the south west,SW,SW,South Westerly,10,6,2024-10-30T16:01:26+00:00,2024-10-30T16:01:26.932Z,2650225,Edinburgh
A clear sky and light winds,0,7,44,19,12,90,2024-11-11,0,Precipitation is not expected,1022,8,47,02:00,1,Good,0,Clear Sky,Light winds from the south south west,SSW,SSW,South South Westerly,10,6,2024-10-30T16:01:26+00:00,2024-10-30T16:01:26.932Z,2650225,Edinburgh
A clear sky and light winds,0,7,44,20,13,89,2024-11-11,0,Precipitation is not expected,1022,8,46,03:00,1,Good,0,Clear Sky,Light winds from the south south west,SSW,SSW,South South Westerly,10,6,2024-10-30T16:01:26+00:00,2024-10-30T16:01:26.932Z,2650225,Edinburgh
A clear sky and light winds,0,7,44,21,13,90,2024-11-11,0,Precipitation is not expected,1022,8,46,04:00,1,Good,0,Clear Sky,Light winds from the south west,SW,SW,South Westerly,10,6,2024-10-30T16:01:26+00:00,2024-10-30T16:01:26.932Z,2650225,Edinburgh
A clear sky and light winds,0,6,44,21,13,89,2024-11-11,0,Precipitation is not expected,1021,8,46,05:00,1,Good,0,Clear Sky,Light winds from the south south west,SSW,SSW,South South Westerly,10,6,2024-10-30T16:01:26+00:00,2024-10-30T16:01:26.932Z,2650225,Edinburgh
A clear sky and light winds,0,6,43,21,13,89,2024-11-11,0,Precipitation is not expected,1021,8,46,06:00,1,Good,0,Clear Sky,Light winds from the south,S,S,Southerly,10,6,2024-10-30T16:01:26+00:00,2024-10-30T16:01:26.932Z,2650225,Edinburgh
Partly cloudy and light winds,2,6,43,22,14,90,2024-11-11,0,Precipitation is not expected,1021,8,46,07:00,1,Good,2,Partly Cloudy,Light winds from the south south west,SSW,SSW,South South Westerly,10,6,2024-10-30T16:01:26+00:00,2024-10-30T16:01:26.932Z,2650225,Edinburgh
Sunny intervals and light winds,3,7,44,22,14,90,2024-11-11,0,Precipitation is not expected,1021,8,47,08:00,1,Good,3,Sunny Intervals,Light winds from the south south west,SSW,SSW,South South Westerly,10,6,2024-10-30T16:01:26+00:00,2024-10-30T16:01:26.932Z,2650225,Edinburgh
Sunny intervals and light winds,3,8,46,25,16,87,2024-11-11,0,Precipitation is not expected,1021,9,49,09:00,1,Good,3,Sunny Intervals,Light winds from the south south west,SSW,SSW,South South Westerly,12,7,2024-10-30T16:01:26+00:00,2024-10-30T16:01:26.932Z,2650225,Edinburgh
Sunny intervals and a gentle breeze,3,9,48,28,18,83,2024-11-11,0,Precipitation is not expected,1021,10,50,10:00,1,Good,3,Sunny Intervals,A gentle breeze from the south south west,SSW,SSW,South South Westerly,12,8,2024-10-30T16:01:26+00:00,2024-10-30T16:01:26.932Z,2650225,Edinburgh
Light cloud and a gentle breeze,7,10,49,31,19,81,2024-11-11,0,Precipitation is not expected,1021,11,51,11:00,1,Good,7,Light Cloud,A gentle breeze from the south,S,S,Southerly,13,8,2024-10-30T16:01:26+00:00,2024-10-30T16:01:26.932Z,2650225,Edinburgh
Light cloud and a gentle breeze,7,10,50,34,21,80,2024-11-11,0,Precipitation is not expected,1020,11,52,12:00,1,Good,7,Light Cloud,A gentle breeze from the south south east,SSE,SSE,South South Easterly,13,8,2024-10-30T16:01:26+00:00,2024-10-30T16:01:26.932Z,2650225,Edinburgh
Light cloud and a gentle breeze,7,10,50,36,22,79,2024-11-11,0,Precipitation is not expected,1020,11,52,13:00,1,Good,7,Light Cloud,A gentle breeze from the south west,SW,SW,South Westerly,14,9,2024-10-30T16:01:26+00:00,2024-10-30T16:01:26.932Z,2650225,Edinburgh
Light cloud and a gentle breeze,7,10,51,36,23,77,2024-11-11,0,Precipitation is not expected,1020,11,53,14:00,1,Good,7,Light Cloud,A gentle breeze from the south west,SW,SW,South Westerly,14,9,2024-10-30T16:01:26+00:00,2024-10-30T16:01:26.932Z,2650225,Edinburgh
Light cloud and a gentle breeze,7,10,51,37,23,77,2024-11-11,0,Precipitation is not expected,1019,11,52,15:00,1,Good,7,Light Cloud,A gentle breeze from the south west,SW,SW,South Westerly,14,9,2024-10-30T16:01:26+00:00,2024-10-30T16:01:26.932Z,2650225,Edinburgh
Sunny intervals and a gentle breeze,3,10,50,35,22,79,2024-11-11,0,Precipitation is not expected,1019,11,52,16:00,1,Good,3,Sunny Intervals,A gentle breeze from the south west,SW,SW,South Westerly,14,9,2024-10-30T16:01:26+00:00,2024-10-30T16:01:26.932Z,2650225,Edinburgh
Partly cloudy and a gentle breeze,2,9,48,34,21,82,2024-11-11,0,Precipitation is not expected,1019,10,51,17:00,1,Good,2,Partly Cloudy,A gentle breeze from the south west,SW,SW,South Westerly,14,9,2024-10-30T16:01:26+00:00,2024-10-30T16:01:26.932Z,2650225,Edinburgh
Partly cloudy and a gentle breeze,2,9,47,34,21,85,2024-11-11,0,Precipitation is not expected,1019,10,49,18:00,1,Good,2,Partly Cloudy,A gentle breeze from the south west,SW,SW,South Westerly,13,8,2024-10-30T16:01:26+00:00,2024-10-30T16:01:26.932Z,2650225,Edinburgh
A clear sky and a gentle breeze,0,8,46,34,21,87,2024-11-11,0,Precipitation is not expected,1019,9,49,19:00,1,Good,0,Clear Sky,A gentle breeze from the south west,SW,SW,South Westerly,13,8,2024-10-30T16:01:26+00:00,2024-10-30T16:01:26.932Z,2650225,Edinburgh
A clear sky and a gentle breeze,0,7,45,34,21,88,2024-11-11,0,Precipitation is not expected,1019,9,48,20:00,1,Good,0,Clear Sky,A gentle breeze from the south west,SW,SW,South Westerly,13,8,2024-10-30T16:01:26+00:00,2024-10-30T16:01:26.932Z,2650225,Edinburgh
A clear sky and a gentle breeze,0,7,45,31,19,88,2024-11-11,0,Precipitation is not expected,1019,9,48,21:00,1,Good,0,Clear Sky,A gentle breeze from the south west,SW,SW,South Westerly,14,9,2024-10-30T16:01:26+00:00,2024-10-30T16:01:26.932Z,2650225,Edinburgh
A clear sky and a gentle breeze,0,7,44,26,16,89,2024-11-11,0,Precipitation is not expected,1019,9,47,22:00,1,Good,0,Clear Sky,A gentle breeze from the south west,SW,SW,South Westerly,14,9,2024-10-30T16:01:26+00:00,2024-10-30T16:01:26.932Z,2650225,Edinburgh
A clear sky and a gentle breeze,0,7,44,20,13,89,2024-11-11,0,Precipitation is not expected,1019,8,47,23:00,1,Good,0,Clear Sky,A gentle breeze from the south west,SW,SW,South Westerly,13,8,2024-10-30T16:01:26+00:00,2024-10-30T16:01:26.932Z,2650225,Edinburgh
A clear sky and a gentle breeze,0,7,44,20,13,90,2024-11-12,0,Precipitation is not expected,1019,8,47,00:00,1,Good,0,Clear Sky,A gentle breeze from the south west,SW,SW,South Westerly,13,8,2024-10-30T16:01:26+00:00,2024-10-30T16:01:26.932Z,2650225,Edinburgh
A clear sky and a gentle breeze,0,6,43,20,12,90,2024-11-12,0,Precipitation is not expected,1020,8,46,01:00,1,Good,0,Clear Sky,A gentle breeze from the south west,SW,SW,South Westerly,13,8,2024-10-30T16:01:26+00:00,2024-10-30T16:01:26.932Z,2650225,Edinburgh
A clear sky and a gentle breeze,0,6,43,19,12,90,2024-11-12,0,Precipitation is not expected,1020,8,46,02:00,1,Good,0,Clear Sky,A gentle breeze from the south west,SW,SW,South Westerly,13,8,2024-10-30T16:01:26+00:00,2024-10-30T16:01:26.932Z,2650225,Edinburgh
A clear sky and a gentle breeze,0,6,42,16,10,90,2024-11-12,0,Precipitation is not expected,1020,8,46,03:00,1,Good,0,Clear Sky,A gentle breeze from the south west,SW,SW,South Westerly,13,8,2024-10-30T16:01:26+00:00,2024-10-30T16:01:26.932Z,2650225,Edinburgh
A clear sky and a gentle breeze,0,5,42,15,9,90,2024-11-12,0,Precipitation is not expected,1020,7,45,04:00,1,Good,0,Clear Sky,A gentle breeze from the south west,SW,SW,South Westerly,13,8,2024-10-30T16:01:26+00:00,2024-10-30T16:01:26.932Z,2650225,Edinburgh
A clear sky and a gentle breeze,0,5,42,16,10,90,2024-11-12,0,Precipitation is not expected,1020,7,45,05:00,1,Good,0,Clear Sky,A gentle breeze from the south south west,SSW,SSW,South South Westerly,13,8,2024-10-30T16:01:26+00:00,2024-10-30T16:01:26.932Z,2650225,Edinburgh
A clear sky and a gentle breeze,0,5,41,15,9,90,2024-11-12,0,Precipitation is not expected,1020,7,45,06:00,1,Good,0,Clear Sky,A gentle breeze from the south south west,SSW,SSW,South South Westerly,14,9,2024-10-30T16:01:26+00:00,2024-10-30T16:01:26.932Z,2650225,Edinburgh
A clear sky and a gentle breeze,0,5,42,16,10,91,2024-11-12,0,Precipitation is not expected,1020,7,45,07:00,1,Good,0,Clear Sky,A gentle breeze from the south south west,SSW,SSW,South South Westerly,13,8,2024-10-30T16:01:26+00:00,2024-10-30T16:01:26.932Z,2650225,Edinburgh
Sunny and a gentle breeze,1,6,43,17,11,92,2024-11-12,0,Precipitation is not expected,1020,8,46,08:00,1,Good,1,Sunny,A gentle breeze from the south south west,SSW,SSW,South South Westerly,13,8,2024-10-30T16:01:26+00:00,2024-10-30T16:01:26.932Z,2650225,Edinburgh
Sunny and a gentle breeze,1,7,44,17,11,89,2024-11-12,0,Precipitation is not expected,1020,9,47,09:00,1,Good,1,Sunny,A gentle breeze from the south south west,SSW,SSW,South South Westerly,15,9,2024-10-30T16:01:26+00:00,2024-10-30T16:01:26.932Z,2650225,Edinburgh
Sunny and a gentle breeze,1,8,46,18,11,84,2024-11-12,0,Precipitation is not expected,1020,9,49,10:00,1,Good,1,Sunny,A gentle breeze from the south south west,SSW,SSW,South South Westerly,15,9,2024-10-30T16:01:26+00:00,2024-10-30T16:01:26.932Z,2650225,Edinburgh
Sunny and a gentle breeze,1,9,48,18,11,81,2024-11-12,0,Precipitation is not expected,1020,10,50,11:00,1,Good,1,Sunny,A gentle breeze from the south,S,S,Southerly,16,10,2024-10-30T16:01:26+00:00,2024-10-30T16:01:26.932Z,2650225,Edinburgh
Sunny and a gentle breeze,1,9,48,19,12,80,2024-11-12,0,Precipitation is not expected,1020,10,51,12:00,1,Good,1,Sunny,A gentle breeze from the south,S,S,Southerly,16,10,2024-10-30T16:01:26+00:00,2024-10-30T16:01:26.932Z,2650225,Edinburgh
Sunny and a gentle breeze,1,9,49,18,11,79,2024-11-12,0,Precipitation is not expected,1020,11,51,13:00,1,Good,1,Sunny,A gentle breeze from the south south west,SSW,SSW,South South Westerly,16,10,2024-10-30T16:01:26+00:00,2024-10-30T16:01:26.932Z,2650225,Edinburgh
Sunny and a gentle breeze,1,10,49,19,12,78,2024-11-12,0,Precipitation is not expected,1020,11,51,14:00,1,Good,1,Sunny,A gentle breeze from the south south west,SSW,SSW,South South Westerly,16,10,2024-10-30T16:01:26+00:00,2024-10-30T16:01:26.932Z,2650225,Edinburgh
Sunny and a gentle breeze,1,10,49,17,11,78,2024-11-12,0,Precipitation is not expected,1020,11,52,15:00,1,Good,1,Sunny,A gentle breeze from the south,S,S,Southerly,15,9,2024-10-30T16:01:26+00:00,2024-10-30T16:01:26.932Z,2650225,Edinburgh
Sunny and a gentle breeze,1,9,48,17,10,81,2024-11-12,0,Precipitation is not expected,1020,10,51,16:00,1,Good,1,Sunny,A gentle breeze from the south,S,S,Southerly,15,9,2024-10-30T16:01:26+00:00,2024-10-30T16:01:26.932Z,2650225,Edinburgh
A clear sky and a gentle breeze,0,8,47,16,10,84,2024-11-12,0,Precipitation is not expected,1020,10,49,17:00,1,Good,0,Clear Sky,A gentle breeze from the south south west,SSW,SSW,South South Westerly,14,9,2024-10-30T16:01:26+00:00,2024-10-30T16:01:26.932Z,2650225,Edinburgh
A clear sky and a gentle breeze,0,7,45,16,10,88,2024-11-12,0,Precipitation is not expected,1020,9,48,18:00,1,Good,0,Clear Sky,A gentle breeze from the south,S,S,Southerly,14,9,2024-10-30T16:01:26+00:00,2024-10-30T16:01:26.932Z,2650225,Edinburgh
A clear sky and a gentle breeze,0,7,45,16,10,89,2024-11-12,0,Precipitation is not expected,1020,9,47,19:00,1,Good,0,Clear Sky,A gentle breeze from the south south west,SSW,SSW,South South Westerly,14,9,2024-10-30T16:01:26+00:00,2024-10-30T16:01:26.932Z,2650225,Edinburgh
A clear sky and a gentle breeze,0,7,44,16,10,92,2024-11-12,0,Precipitation is not expected,1020,8,47,20:00,1,Good,0,Clear Sky,A gentle breeze from the south south west,SSW,SSW,South South Westerly,14,9,2024-10-30T16:01:26+00:00,2024-10-30T16:01:26.932Z,2650225,Edinburgh
A clear sky and a gentle breeze,0,7,44,16,10,91,2024-11-12,0,Precipitation is not expected,1020,8,47,21:00,1,Good,0,Clear Sky,A gentle breeze from the south south west,SSW,SSW,South South Westerly,14,9,2024-10-30T16:01:26+00:00,2024-10-30T16:01:26.932Z,2650225,Edinburgh
A clear sky and a gentle breeze,0,6,43,16,10,91,2024-11-12,0,Precipitation is not expected,1020,8,47,22:00,1,Good,0,Clear Sky,A gentle breeze from the south west,SW,SW,South Westerly,14,9,2024-10-30T16:01:26+00:00,2024-10-30T16:01:26.932Z,2650225,Edinburgh
A clear sky and a gentle breeze,0,6,43,16,10,92,2024-11-12,0,Precipitation is not expected,1020,8,46,23:00,1,Good,0,Clear Sky,A gentle breeze from the south west,SW,SW,South Westerly,14,9,2024-10-30T16:01:26+00:00,2024-10-30T16:01:26.932Z,2650225,Edinburgh
A clear sky and a gentle breeze,0,6,43,17,10,92,2024-11-13,0,Precipitation is not expected,1020,8,46,00:00,1,Good,0,Clear Sky,A gentle breeze from the south west,SW,SW,South Westerly,14,9,2024-10-30T16:01:26+00:00,2024-10-30T16:01:26.932Z,2650225,Edinburgh
A clear sky and a gentle breeze,0,6,43,16,10,91,2024-11-13,0,Precipitation is not expected,1020,8,46,01:00,1,Good,0,Clear Sky,A gentle breeze from the south west,SW,SW,South Westerly,14,9,2024-10-30T16:01:26+00:00,2024-10-30T16:01:26.932Z,2650225,Edinburgh
A clear sky and a gentle breeze,0,6,43,16,10,92,2024-11-13,0,Precipitation is not expected,1020,8,46,02:00,1,Good,0,Clear Sky,A gentle breeze from the south west,SW,SW,South Westerly,14,9,2024-10-30T16:01:26+00:00,2024-10-30T16:01:26.932Z,2650225,Edinburgh
A clear sky and a gentle breeze,0,6,43,17,11,91,2024-11-13,0,Precipitation is not expected,1019,8,46,03:00,1,Good,0,Clear Sky,A gentle breeze from the south west,SW,SW,South Westerly,14,9,2024-10-30T16:01:26+00:00,2024-10-30T16:01:26.932Z,2650225,Edinburgh
A clear sky and a gentle breeze,0,6,43,19,12,91,2024-11-13,0,Precipitation is not expected,1019,8,46,04:00,1,Good,0,Clear Sky,A gentle breeze from the south west,SW,SW,South Westerly,15,9,2024-10-30T16:01:26+00:00,2024-10-30T16:01:26.932Z,2650225,Edinburgh
A clear sky and a gentle breeze,0,6,43,22,14,91,2024-11-13,0,Precipitation is not expected,1019,8,46,05:00,1,Good,0,Clear Sky,A gentle breeze from the south west,SW,SW,South Westerly,15,9,2024-10-30T16:01:26+00:00,2024-10-30T16:01:26.932Z,2650225,Edinburgh
