enhancedWeatherDescription,extendedWeatherType,feelsLikeTemperatureC,feelsLikeTemperatureF,gustSpeedKph,gustSpeedMph,humidity,localDate,precipitationProbabilityInPercent,precipitationProbabilityText,pressure,temperatureC,temperatureF,timeslot,timeslotLength,visibility,weatherType,weatherTypeText,windDescription,windDirection,windDirectionAbbreviation,windDirectionFull,windSpeedKph,windSpeedMph,issueDate,lastUpdated,location_id,location_name
Light cloud and light winds,36,9,49,21,13,91,2023-11-19,12,Low chance of precipitation,997,10,50,17:00,1,Good,7,Light Cloud,Light winds from the south west,SW,SW,South Westerly,11,7,2023-11-19T09:57:00+00:00,2023-11-19T16:00:46.822Z,2650225,Edinburgh
Light cloud and light winds,36,9,48,21,13,94,2023-11-19,15,Low chance of precipitation,998,10,49,18:00,1,Good,7,Light Cloud,Light winds from the south west,SW,SW,South Westerly,12,7,2023-11-19T09:57:00+00:00,2023-11-19T16:00:46.822Z,2650225,Edinburgh
Light cloud and light winds,36,9,47,21,13,95,2023-11-19,20,Low chance of precipitation,999,10,49,19:00,1,Good,7,Light Cloud,Light winds from the south west,SW,SW,South Westerly,12,7,2023-11-19T09:57:00+00:00,2023-11-19T16:00:46.822Z,2650225,Edinburgh
Light cloud and light winds,36,9,47,20,13,95,2023-11-19,28,Low chance of precipitation,999,9,49,20:00,1,Good,7,Light Cloud,Light winds from the south west,SW,SW,South Westerly,11,7,2023-11-19T09:57:00+00:00,2023-11-19T16:00:46.822Z,2650225,Edinburgh
Light rain and light winds,39,9,47,20,13,96,2023-11-19,47,Chance of precipitation,999,9,49,21:00,1,Good,12,Light Rain,Light winds from the south west,SW,SW,South Westerly,11,7,2023-11-19T09:57:00+00:00,2023-11-19T16:00:46.822Z,2650225,Edinburgh
Light rain showers and light winds,9,8,47,22,14,96,2023-11-19,42,Chance of precipitation,1000,9,49,22:00,1,Good,9,Light Rain Showers,Light winds from the west south west,WSW,WSW,West South Westerly,11,7,2023-11-19T09:57:00+00:00,2023-11-19T16:00:46.822Z,2650225,Edinburgh
Light rain showers and light winds,9,8,47,23,14,96,2023-11-19,43,Chance of precipitation,1000,9,49,23:00,1,Good,9,Light Rain Showers,Light winds from the west south west,WSW,WSW,West South Westerly,10,6,2023-11-19T09:57:00+00:00,2023-11-19T16:00:46.822Z,2650225,Edinburgh
Light rain showers and light winds,9,8,47,24,15,97,2023-11-20,36,Chance of precipitation,1000,9,48,00:00,1,Good,9,Light Rain Showers,Light winds from the west south west,WSW,WSW,West South Westerly,10,6,2023-11-19T09:57:00+00:00,2023-11-19T16:00:46.822Z,2650225,Edinburgh
Light rain showers and light winds,9,8,47,24,15,97,2023-11-20,31,Chance of precipitation,1000,9,48,01:00,1,Good,9,Light Rain Showers,Light winds from the west south west,WSW,WSW,West South Westerly,10,6,2023-11-19T09:57:00+00:00,2023-11-19T16:00:46.822Z,2650225,Edinburgh
Light cloud and light winds,36,8,46,25,15,97,2023-11-20,27,Low chance of precipitation,1001,9,48,02:00,1,Good,7,Light Cloud,Light winds from the west south west,WSW,WSW,West South Westerly,11,7,2023-11-19T09:57:00+00:00,2023-11-19T16:00:46.822Z,2650225,Edinburgh
Light cloud and light winds,36,8,46,23,15,97,2023-11-20,24,Low chance of precipitation,1001,9,48,03:00,1,Good,7,Light Cloud,Light winds from the west south west,WSW,WSW,West South Westerly,11,7,2023-11-19T09:57:00+00:00,2023-11-19T16:00:46.822Z,2650225,Edinburgh
Light cloud and light winds,36,8,46,23,14,97,2023-11-20,0,Precipitation is not expected,1001,9,48,04:00,1,Good,7,Light Cloud,Light winds from the west,W,W,Westerly,11,7,2023-11-19T09:57:00+00:00,2023-11-19T16:00:46.822Z,2650225,Edinburgh
Light cloud and light winds,36,7,45,23,15,97,2023-11-20,13,Low chance of precipitation,1002,8,47,05:00,1,Good,7,Light Cloud,Light winds from the west,W,W,Westerly,11,7,2023-11-19T09:57:00+00:00,2023-11-19T16:00:46.822Z,2650225,Edinburgh
Light cloud and light winds,36,7,45,22,14,97,2023-11-20,22,Low chance of precipitation,1003,8,47,06:00,1,Good,7,Light Cloud,Light winds from the west,W,W,Westerly,11,7,2023-11-19T09:57:00+00:00,2023-11-19T16:00:46.822Z,2650225,Edinburgh
Light rain showers and light winds,9,7,44,22,14,97,2023-11-20,29,Low chance of precipitation,1003,8,47,07:00,1,Good,9,Light Rain Showers,Light winds from the west,W,W,Westerly,11,7,2023-11-19T09:57:00+00:00,2023-11-19T16:00:46.822Z,2650225,Edinburgh
Light cloud and light winds,7,7,44,22,14,97,2023-11-20,30,Low chance of precipitation,1004,8,46,08:00,1,Good,7,Light Cloud,Light winds from the west,W,W,Westerly,11,7,2023-11-19T09:57:00+00:00,2023-11-19T16:00:46.822Z,2650225,Edinburgh
Light rain showers and light winds,10,7,45,22,14,97,2023-11-20,36,Chance of precipitation,1005,8,47,09:00,1,Good,10,Light Rain Showers,Light winds from the west,W,W,Westerly,11,7,2023-11-19T09:57:00+00:00,2023-11-19T16:00:46.822Z,2650225,Edinburgh
Light rain showers and light winds,10,8,47,23,14,95,2023-11-20,31,Chance of precipitation,1006,9,48,10:00,1,Good,10,Light Rain Showers,Light winds from the west,W,W,Westerly,11,7,2023-11-19T09:57:00+00:00,2023-11-19T16:00:46.822Z,2650225,Edinburgh
Light rain and light winds,12,9,48,22,14,91,2023-11-20,33,Chance of precipitation,1007,10,50,11:00,1,Good,12,Light Rain,Light winds from the west,W,W,Westerly,12,7,2023-11-19T09:57:00+00:00,2023-11-19T16:00:46.822Z,2650225,Edinburgh
Light rain showers and light winds,10,9,49,21,13,88,2023-11-20,38,Chance of precipitation,1007,10,50,12:00,1,Good,10,Light Rain Showers,Light winds from the west,W,W,Westerly,12,7,2023-11-19T09:57:00+00:00,2023-11-19T16:00:46.822Z,2650225,Edinburgh
Light cloud and a gentle breeze,7,9,49,21,13,86,2023-11-20,25,Low chance of precipitation,1008,10,51,13:00,1,Good,7,Light Cloud,A gentle breeze from the west north west,WNW,WNW,West North Westerly,12,8,2023-11-19T09:57:00+00:00,2023-11-19T16:00:46.822Z,2650225,Edinburgh
Light rain showers and light winds,10,10,49,22,14,86,2023-11-20,36,Chance of precipitation,1009,11,51,14:00,1,Good,10,Light Rain Showers,Light winds from the west north west,WNW,WNW,West North Westerly,12,7,2023-11-19T09:57:00+00:00,2023-11-19T16:00:46.822Z,2650225,Edinburgh
Light rain showers and light winds,10,9,49,24,15,86,2023-11-20,51,Chance of precipitation,1010,10,50,15:00,1,Good,10,Light Rain Showers,Light winds from the north west,NW,NW,North Westerly,12,7,2023-11-19T09:57:00+00:00,2023-11-19T16:00:46.822Z,2650225,Edinburgh
Light rain showers and a gentle breeze,9,9,47,29,18,85,2023-11-20,45,Chance of precipitation,1011,10,50,16:00,1,Good,9,Light Rain Showers,A gentle breeze from the north west,NW,NW,North Westerly,13,8,2023-11-19T09:57:00+00:00,2023-11-19T16:00:46.822Z,2650225,Edinburgh
Light rain showers and a gentle breeze,9,8,46,32,20,84,2023-11-20,37,Chance of precipitation,1012,9,49,17:00,1,Good,9,Light Rain Showers,A gentle breeze from the north north west,NNW,NNW,North North Westerly,15,9,2023-11-19T09:57:00+00:00,2023-11-19T16:00:46.822Z,2650225,Edinburgh
Light rain showers and a gentle breeze,9,7,44,34,21,84,2023-11-20,34,Chance of precipitation,1014,9,48,18:00,1,Good,9,Light Rain Showers,A gentle breeze from the north north west,NNW,NNW,North North Westerly,16,10,2023-11-19T09:57:00+00:00,2023-11-19T16:00:46.822Z,2650225,Edinburgh
Light rain showers and a gentle breeze,9,6,43,34,21,84,2023-11-20,32,Chance of precipitation,1015,8,47,19:00,1,Good,9,Light Rain Showers,A gentle breeze from the north north west,NNW,NNW,North North Westerly,16,10,2023-11-19T09:57:00+00:00,2023-11-19T16:00:46.822Z,2650225,Edinburgh
Light rain showers and a gentle breeze,9,5,42,34,21,84,2023-11-20,35,Chance of precipitation,1017,8,46,20:00,1,Good,9,Light Rain Showers,A gentle breeze from the north north west,NNW,NNW,North North Westerly,16,10,2023-11-19T09:57:00+00:00,2023-11-19T16:00:46.822Z,2650225,Edinburgh
Thick cloud and a gentle breeze,37,5,41,36,22,83,2023-11-20,0,Precipitation is not expected,1018,7,45,21:00,1,Good,8,Thick Cloud,A gentle breeze from the north north west,NNW,NNW,North North Westerly,16,10,2023-11-19T09:57:00+00:00,2023-11-19T16:00:46.822Z,2650225,Edinburgh
Light cloud and a gentle breeze,36,5,40,39,24,84,2023-11-20,18,Low chance of precipitation,1019,7,44,22:00,1,Good,7,Light Cloud,A gentle breeze from the north,N,N,Northerly,16,10,2023-11-19T09:57:00+00:00,2023-11-19T16:00:46.822Z,2650225,Edinburgh
Light cloud and a gentle breeze,36,4,39,41,26,84,2023-11-20,0,Precipitation is not expected,1020,7,44,23:00,1,Good,7,Light Cloud,A gentle breeze from the north,N,N,Northerly,16,10,2023-11-19T09:57:00+00:00,2023-11-19T16:00:46.822Z,2650225,Edinburgh
Light cloud and a gentle breeze,36,4,39,34,21,85,2023-11-21,0,Precipitation is not expected,1021,6,43,00:00,1,Good,7,Light Cloud,A gentle breeze from the north,N,N,Northerly,16,10,2023-11-19T09:57:00+00:00,2023-11-19T16:00:46.822Z,2650225,Edinburgh
Drizzle and a gentle breeze,38,4,39,31,19,88,2023-11-21,31,Chance of precipitation,1022,6,43,01:00,1,Good,11,Drizzle,A gentle breeze from the north,N,N,Northerly,13,8,2023-11-19T09:57:00+00:00,2023-11-19T16:00:46.822Z,2650225,Edinburgh
Light cloud and light winds,36,3,38,27,17,89,2023-11-21,30,Low chance of precipitation,1022,6,42,02:00,1,Good,7,Light Cloud,Light winds from the north,N,N,Northerly,12,7,2023-11-19T09:57:00+00:00,2023-11-19T16:00:46.822Z,2650225,Edinburgh
Light cloud and light winds,36,3,38,23,15,89,2023-11-21,27,Low chance of precipitation,1023,5,41,03:00,1,Good,7,Light Cloud,Light winds from the north,N,N,Northerly,10,6,2023-11-19T09:57:00+00:00,2023-11-19T16:00:46.822Z,2650225,Edinburgh
Partly cloudy and light winds,2,3,37,21,13,89,2023-11-21,0,Precipitation is not expected,1024,5,41,04:00,1,Good,2,Partly Cloudy,Light winds from the north,N,N,Northerly,9,6,2023-11-19T09:57:00+00:00,2023-11-19T16:00:46.822Z,2650225,Edinburgh
Partly cloudy and light winds,2,3,37,18,11,89,2023-11-21,18,Low chance of precipitation,1025,5,40,05:00,1,Good,2,Partly Cloudy,Light winds from the north,N,N,Northerly,8,5,2023-11-19T09:57:00+00:00,2023-11-19T16:00:46.822Z,2650225,Edinburgh
Partly cloudy and light winds,2,4,39,17,10,90,2023-11-21,0,Precipitation is not expected,1026,4,40,06:00,1,Good,2,Partly Cloudy,Light winds from the north,N,N,Northerly,7,4,2023-11-19T09:57:00+00:00,2023-11-19T16:00:46.822Z,2650225,Edinburgh
Partly cloudy and light winds,2,4,39,13,8,90,2023-11-21,0,Precipitation is not expected,1026,4,39,07:00,1,Good,2,Partly Cloudy,Light winds from the north north west,NNW,NNW,North North Westerly,6,4,2023-11-19T09:57:00+00:00,2023-11-19T16:00:46.822Z,2650225,Edinburgh
Sunny intervals and light winds,3,3,38,12,7,92,2023-11-21,0,Precipitation is not expected,1027,4,39,08:00,1,Good,3,Sunny Intervals,Light winds from the north north west,NNW,NNW,North North Westerly,5,3,2023-11-19T09:57:00+00:00,2023-11-19T16:00:46.822Z,2650225,Edinburgh
Sunny intervals and light winds,3,4,39,12,7,92,2023-11-21,0,Precipitation is not expected,1028,4,39,09:00,1,Good,3,Sunny Intervals,Light winds from the north west,NW,NW,North Westerly,5,3,2023-11-19T09:57:00+00:00,2023-11-19T16:00:46.822Z,2650225,Edinburgh
Sunny intervals and light winds,3,5,41,10,6,89,2023-11-21,0,Precipitation is not expected,1028,5,41,10:00,1,Good,3,Sunny Intervals,Light winds from the west north west,WNW,WNW,West North Westerly,5,3,2023-11-19T09:57:00+00:00,2023-11-19T16:00:46.822Z,2650225,Edinburgh
Sunny intervals and light winds,3,6,42,9,6,84,2023-11-21,0,Precipitation is not expected,1029,6,43,11:00,1,Good,3,Sunny Intervals,Light winds from the west,W,W,Westerly,6,4,2023-11-19T09:57:00+00:00,2023-11-19T16:00:46.822Z,2650225,Edinburgh
Sunny intervals and light winds,3,6,44,11,7,80,2023-11-21,0,Precipitation is not expected,1029,7,44,12:00,1,Good,3,Sunny Intervals,Light winds from the west south west,WSW,WSW,West South Westerly,6,4,2023-11-19T09:57:00+00:00,2023-11-19T16:00:46.822Z,2650225,Edinburgh
Sunny intervals and light winds,3,6,42,14,9,78,2023-11-21,0,Precipitation is not expected,1029,7,45,13:00,1,Good,3,Sunny Intervals,Light winds from the west south west,WSW,WSW,West South Westerly,8,5,2023-11-19T09:57:00+00:00,2023-11-19T16:00:46.822Z,2650225,Edinburgh
Sunny intervals and light winds,3,6,42,16,10,78,2023-11-21,0,Precipitation is not expected,1028,7,45,14:00,1,Good,3,Sunny Intervals,Light winds from the west south west,WSW,WSW,West South Westerly,9,5,2023-11-19T09:57:00+00:00,2023-11-19T16:00:46.822Z,2650225,Edinburgh
Light cloud and light winds,7,5,41,18,11,78,2023-11-21,0,Precipitation is not expected,1029,7,44,15:00,1,Good,7,Light Cloud,Light winds from the west south west,WSW,WSW,West South Westerly,10,6,2023-11-19T09:57:00+00:00,2023-11-19T16:00:46.822Z,2650225,Edinburgh
Partly cloudy and light winds,2,4,40,19,12,82,2023-11-21,0,Precipitation is not expected,1029,6,43,16:00,1,Good,2,Partly Cloudy,Light winds from the south west,SW,SW,South Westerly,11,7,2023-11-19T09:57:00+00:00,2023-11-19T16:00:46.822Z,2650225,Edinburgh
Partly cloudy and a gentle breeze,2,3,38,23,15,85,2023-11-21,0,Precipitation is not expected,1029,6,42,17:00,1,Good,2,Partly Cloudy,A gentle breeze from the south west,SW,SW,South Westerly,13,8,2023-11-19T09:57:00+00:00,2023-11-19T16:00:46.822Z,2650225,Edinburgh
Partly cloudy and a gentle breeze,2,3,37,26,16,88,2023-11-21,0,Precipitation is not expected,1029,5,42,18:00,1,Good,2,Partly Cloudy,A gentle breeze from the south west,SW,SW,South Westerly,13,8,2023-11-19T09:57:00+00:00,2023-11-19T16:00:46.822Z,2650225,Edinburgh
Partly cloudy and a gentle breeze,2,3,38,29,18,88,2023-11-21,0,Precipitation is not expected,1028,6,42,19:00,1,Good,2,Partly Cloudy,A gentle breeze from the south west,SW,SW,South Westerly,15,9,2023-11-19T09:57:00+00:00,2023-11-19T16:00:46.822Z,2650225,Edinburgh
Partly cloudy and a gentle breeze,2,3,38,34,21,87,2023-11-21,0,Precipitation is not expected,1028,6,43,20:00,1,Good,2,Partly Cloudy,A gentle breeze from the south west,SW,SW,South Westerly,16,10,2023-11-19T09:57:00+00:00,2023-11-19T16:00:46.822Z,2650225,Edinburgh
Partly cloudy and a gentle breeze,2,3,38,37,23,87,2023-11-21,0,Precipitation is not expected,1028,6,43,21:00,1,Good,2,Partly Cloudy,A gentle breeze from the south west,SW,SW,South Westerly,18,11,2023-11-19T09:57:00+00:00,2023-11-19T16:00:46.822Z,2650225,Edinburgh
Light cloud and a gentle breeze,36,4,39,41,26,88,2023-11-21,0,Precipitation is not expected,1027,7,44,22:00,1,Good,7,Light Cloud,A gentle breeze from the south west,SW,SW,South Westerly,19,12,2023-11-19T09:57:00+00:00,2023-11-19T16:00:46.822Z,2650225,Edinburgh
Light cloud and a moderate breeze,36,4,39,45,28,88,2023-11-21,0,Precipitation is not expected,1026,7,44,23:00,1,Good,7,Light Cloud,A moderate breeze from the south west,SW,SW,South Westerly,22,14,2023-11-19T09:57:00+00:00,2023-11-19T16:00:46.822Z,2650225,Edinburgh
Light cloud and a moderate breeze,36,4,40,48,30,88,2023-11-22,0,Precipitation is not expected,1025,7,45,00:00,1,Good,7,Light Cloud,A moderate breeze from the south west,SW,SW,South Westerly,23,14,2023-11-19T09:57:00+00:00,2023-11-19T16:00:46.822Z,2650225,Edinburgh
Light cloud and a moderate breeze,36,5,40,52,32,88,2023-11-22,19,Low chance of precipitation,1025,7,45,01:00,1,Good,7,Light Cloud,A moderate breeze from the south west,SW,SW,South Westerly,24,15,2023-11-19T09:57:00+00:00,2023-11-19T16:00:46.822Z,2650225,Edinburgh
Light cloud and a moderate breeze,36,5,41,55,34,89,2023-11-22,0,Precipitation is not expected,1024,8,46,02:00,1,Good,7,Light Cloud,A moderate breeze from the south west,SW,SW,South Westerly,26,16,2023-11-19T09:57:00+00:00,2023-11-19T16:00:46.822Z,2650225,Edinburgh
Light cloud and a moderate breeze,36,5,41,56,35,89,2023-11-22,0,Precipitation is not expected,1024,8,46,03:00,1,Good,7,Light Cloud,A moderate breeze from the south west,SW,SW,South Westerly,27,17,2023-11-19T09:57:00+00:00,2023-11-19T16:00:46.822Z,2650225,Edinburgh
Light rain showers and a moderate breeze,9,5,42,58,36,89,2023-11-22,48,Chance of precipitation,1023,8,47,04:00,1,Good,9,Light Rain Showers,A moderate breeze from the south west,SW,SW,South Westerly,27,17,2023-11-19T09:57:00+00:00,2023-11-19T16:00:46.822Z,2650225,Edinburgh
Light rain showers and a moderate breeze,9,5,42,59,37,90,2023-11-22,51,Chance of precipitation,1022,8,47,05:00,1,Good,9,Light Rain Showers,A moderate breeze from the south west,SW,SW,South Westerly,28,18,2023-11-19T09:57:00+00:00,2023-11-19T16:00:46.822Z,2650225,Edinburgh
Light rain and a moderate breeze,39,6,42,59,37,90,2023-11-22,55,Chance of precipitation,1022,9,47,06:00,1,Good,12,Light Rain,A moderate breeze from the south west,SW,SW,South Westerly,29,18,2023-11-19T09:57:00+00:00,2023-11-19T16:00:46.822Z,2650225,Edinburgh
Light rain and a moderate breeze,39,6,43,58,36,91,2023-11-22,61,Chance of precipitation,1021,9,47,07:00,1,Good,12,Light Rain,A moderate breeze from the west south west,WSW,WSW,West South Westerly,29,18,2023-11-19T09:57:00+00:00,2023-11-19T16:00:46.822Z,2650225,Edinburgh
Light rain and a moderate breeze,39,6,44,58,36,92,2023-11-22,59,Chance of precipitation,1021,9,48,08:00,1,Good,12,Light Rain,A moderate breeze from the west south west,WSW,WSW,West South Westerly,28,18,2023-11-19T09:57:00+00:00,2023-11-19T16:00:46.822Z,2650225,Edinburgh
Light rain and a moderate breeze,12,7,45,58,36,92,2023-11-22,61,Chance of precipitation,1021,10,49,09:00,1,Good,12,Light Rain,A moderate breeze from the west south west,WSW,WSW,West South Westerly,29,18,2023-11-19T09:57:00+00:00,2023-11-19T16:00:46.822Z,2650225,Edinburgh
Light rain and a moderate breeze,12,9,47,58,36,91,2023-11-22,60,Chance of precipitation,1021,10,51,10:00,1,Good,12,Light Rain,A moderate breeze from the west south west,WSW,WSW,West South Westerly,29,18,2023-11-19T09:57:00+00:00,2023-11-19T16:00:46.822Z,2650225,Edinburgh
Light rain and a fresh breeze,12,10,49,58,36,88,2023-11-22,55,Chance of precipitation,1021,11,52,11:00,1,Good,12,Light Rain,A fresh breeze from the west south west,WSW,WSW,West South Westerly,30,19,2023-11-19T09:57:00+00:00,2023-11-19T16:00:46.822Z,2650225,Edinburgh
Drizzle and a fresh breeze,11,10,51,58,36,87,2023-11-22,53,Chance of precipitation,1020,12,53,12:00,1,Good,11,Drizzle,A fresh breeze from the west south west,WSW,WSW,West South Westerly,30,19,2023-11-19T09:57:00+00:00,2023-11-19T16:00:46.822Z,2650225,Edinburgh
Drizzle and a fresh breeze,11,11,51,58,36,85,2023-11-22,48,Chance of precipitation,1020,12,54,13:00,1,Good,11,Drizzle,A fresh breeze from the west south west,WSW,WSW,West South Westerly,31,19,2023-11-19T09:57:00+00:00,2023-11-19T16:00:46.822Z,2650225,Edinburgh
Drizzle and a fresh breeze,11,11,52,59,37,83,2023-11-22,45,Chance of precipitation,1020,12,54,14:00,1,Good,11,Drizzle,A fresh breeze from the west south west,WSW,WSW,West South Westerly,30,19,2023-11-19T09:57:00+00:00,2023-11-19T16:00:46.822Z,2650225,Edinburgh
Drizzle and a fresh breeze,11,11,51,58,36,84,2023-11-22,38,Chance of precipitation,1020,12,54,15:00,1,Good,11,Drizzle,A fresh breeze from the west south west,WSW,WSW,West South Westerly,31,19,2023-11-19T09:57:00+00:00,2023-11-19T16:00:46.822Z,2650225,Edinburgh
Light rain showers and a fresh breeze,9,10,51,56,35,84,2023-11-22,33,Chance of precipitation,1020,12,53,16:00,1,Good,9,Light Rain Showers,A fresh breeze from the west south west,WSW,WSW,West South Westerly,30,19,2023-11-19T09:57:00+00:00,2023-11-19T16:00:46.822Z,2650225,Edinburgh
Light cloud and a fresh breeze,36,10,50,55,34,86,2023-11-22,28,Low chance of precipitation,1020,11,53,17:00,1,Good,7,Light Cloud,A fresh breeze from the west south west,WSW,WSW,West South Westerly,30,19,2023-11-19T09:57:00+00:00,2023-11-19T16:00:46.822Z,2650225,Edinburgh
Light cloud and a fresh breeze,36,10,49,57,35,88,2023-11-22,27,Low chance of precipitation,1019,11,52,18:00,1,Good,7,Light Cloud,A fresh breeze from the west south west,WSW,WSW,West South Westerly,30,19,2023-11-19T09:57:00+00:00,2023-11-19T16:00:46.822Z,2650225,Edinburgh
Light cloud and a fresh breeze,36,9,49,59,37,89,2023-11-22,24,Low chance of precipitation,1019,11,52,19:00,1,Good,7,Light Cloud,A fresh breeze from the west south west,WSW,WSW,West South Westerly,30,19,2023-11-19T09:57:00+00:00,2023-11-19T16:00:46.822Z,2650225,Edinburgh
Light cloud and a fresh breeze,36,9,49,62,38,89,2023-11-22,26,Low chance of precipitation,1019,11,52,20:00,1,Good,7,Light Cloud,A fresh breeze from the west south west,WSW,WSW,West South Westerly,30,19,2023-11-19T09:57:00+00:00,2023-11-19T16:00:46.822Z,2650225,Edinburgh
Light cloud and a fresh breeze,36,9,48,62,39,88,2023-11-22,25,Low chance of precipitation,1019,11,51,21:00,1,Good,7,Light Cloud,A fresh breeze from the west south west,WSW,WSW,West South Westerly,30,19,2023-11-19T09:57:00+00:00,2023-11-19T16:00:46.822Z,2650225,Edinburgh
Light cloud and a fresh breeze,36,9,48,63,39,89,2023-11-22,10,Low chance of precipitation,1019,11,51,22:00,1,Good,7,Light Cloud,A fresh breeze from the west south west,WSW,WSW,West South Westerly,31,19,2023-11-19T09:57:00+00:00,2023-11-19T16:00:46.822Z,2650225,Edinburgh
Light cloud and a fresh breeze,36,9,48,63,39,89,2023-11-22,0,Precipitation is not expected,1018,11,51,23:00,1,Good,7,Light Cloud,A fresh breeze from the west south west,WSW,WSW,West South Westerly,31,19,2023-11-19T09:57:00+00:00,2023-11-19T16:00:46.822Z,2650225,Edinburgh
Gusty winds and light cloud,36,9,48,67,42,89,2023-11-23,0,Precipitation is not expected,1018,11,51,00:00,1,Good,7,Light Cloud,Gusty winds from the west south west,WSW,WSW,West South Westerly,32,20,2023-11-19T09:57:00+00:00,2023-11-19T16:00:46.822Z,2650225,Edinburgh
Gusty winds and light cloud,36,9,48,64,40,89,2023-11-23,21,Low chance of precipitation,1018,11,51,01:00,1,Good,7,Light Cloud,Gusty winds from the west south west,WSW,WSW,West South Westerly,32,20,2023-11-19T09:57:00+00:00,2023-11-19T16:00:46.822Z,2650225,Edinburgh
Gusty winds and light cloud,36,9,48,65,41,89,2023-11-23,23,Low chance of precipitation,1017,11,51,02:00,1,Good,7,Light Cloud,Gusty winds from the west south west,WSW,WSW,West South Westerly,32,20,2023-11-19T09:57:00+00:00,2023-11-19T16:00:46.822Z,2650225,Edinburgh
Gusty winds and light cloud,36,9,47,67,42,89,2023-11-23,30,Low chance of precipitation,1017,11,51,03:00,1,Good,7,Light Cloud,Gusty winds from the west south west,WSW,WSW,West South Westerly,34,21,2023-11-19T09:57:00+00:00,2023-11-19T16:00:46.822Z,2650225,Edinburgh
Gusty winds and light cloud,36,9,47,69,43,88,2023-11-23,26,Low chance of precipitation,1016,11,51,04:00,1,Good,7,Light Cloud,Gusty winds from the west,W,W,Westerly,33,21,2023-11-19T09:57:00+00:00,2023-11-19T16:00:46.822Z,2650225,Edinburgh
Gusty winds and light cloud,36,8,47,70,44,88,2023-11-23,28,Low chance of precipitation,1016,10,51,05:00,1,Good,7,Light Cloud,Gusty winds from the west,W,W,Westerly,34,21,2023-11-19T09:57:00+00:00,2023-11-19T16:00:46.822Z,2650225,Edinburgh
Gusty winds and drizzle,38,8,47,72,45,87,2023-11-23,33,Chance of precipitation,1015,10,51,06:00,1,Good,11,Drizzle,Gusty winds from the west,W,W,Westerly,35,22,2023-11-19T09:57:00+00:00,2023-11-19T16:00:46.822Z,2650225,Edinburgh
Gusty winds and light cloud,36,8,46,73,45,89,2023-11-23,0,Precipitation is not expected,1015,10,50,07:00,1,Good,7,Light Cloud,Gusty winds from the west,W,W,Westerly,36,22,2023-11-19T09:57:00+00:00,2023-11-19T16:00:46.822Z,2650225,Edinburgh
Gusty winds and light cloud,36,7,45,74,46,89,2023-11-23,23,Low chance of precipitation,1014,10,50,08:00,1,Good,7,Light Cloud,Gusty winds from the west,W,W,Westerly,35,22,2023-11-19T09:57:00+00:00,2023-11-19T16:00:46.822Z,2650225,Edinburgh
Gusty winds and light cloud,7,8,46,74,46,88,2023-11-23,29,Low chance of precipitation,1014,10,50,09:00,1,Good,7,Light Cloud,Gusty winds from the west,W,W,Westerly,36,22,2023-11-19T09:57:00+00:00,2023-11-19T16:00:46.822Z,2650225,Edinburgh
Gusty winds and rain,12,9,47,74,46,87,2023-11-23,22,Low chance of precipitation,1013,11,51,10:00,1,Good,12,Light Rain,Gusty winds from the west,W,W,Westerly,36,22,2023-11-19T09:57:00+00:00,2023-11-19T16:00:46.822Z,2650225,Edinburgh
Gusty winds and light cloud,7,9,48,75,46,84,2023-11-23,25,Low chance of precipitation,1013,11,52,11:00,1,Good,7,Light Cloud,Gusty winds from the west,W,W,Westerly,36,22,2023-11-19T09:57:00+00:00,2023-11-19T16:00:46.822Z,2650225,Edinburgh
Gusty winds and drizzle,11,9,48,73,46,81,2023-11-23,33,Chance of precipitation,1012,11,52,12:00,1,Good,11,Drizzle,Gusty winds from the west,W,W,Westerly,36,23,2023-11-19T09:57:00+00:00,2023-11-19T16:00:46.822Z,2650225,Edinburgh
Gusty winds and drizzle,11,9,48,71,44,79,2023-11-23,35,Chance of precipitation,1012,11,52,13:00,1,Good,11,Drizzle,Gusty winds from the west,W,W,Westerly,37,23,2023-11-19T09:57:00+00:00,2023-11-19T16:00:46.822Z,2650225,Edinburgh
Gusty winds and drizzle,11,9,48,70,43,78,2023-11-23,31,Chance of precipitation,1011,11,52,14:00,1,Good,11,Drizzle,Gusty winds from the west,W,W,Westerly,35,22,2023-11-19T09:57:00+00:00,2023-11-19T16:00:46.822Z,2650225,Edinburgh
Gusty winds and rain,12,9,47,68,42,79,2023-11-23,33,Chance of precipitation,1012,11,51,15:00,1,Good,12,Light Rain,Gusty winds from the west,W,W,Westerly,34,21,2023-11-19T09:57:00+00:00,2023-11-19T16:00:46.822Z,2650225,Edinburgh
Gusty winds and rain,39,8,46,65,41,80,2023-11-23,36,Chance of precipitation,1013,10,50,16:00,1,Good,12,Light Rain,Gusty winds from the west,W,W,Westerly,32,20,2023-11-19T09:57:00+00:00,2023-11-19T16:00:46.822Z,2650225,Edinburgh
Gusty winds and drizzle,38,7,45,65,40,81,2023-11-23,36,Chance of precipitation,1012,9,49,17:00,1,Good,11,Drizzle,Gusty winds from the west,W,W,Westerly,31,19,2023-11-19T09:57:00+00:00,2023-11-19T16:00:46.822Z,2650225,Edinburgh
Drizzle and a moderate breeze,38,7,44,61,38,82,2023-11-23,32,Chance of precipitation,1013,9,48,18:00,1,Good,11,Drizzle,A moderate breeze from the west,W,W,Westerly,29,18,2023-11-19T09:57:00+00:00,2023-11-19T16:00:46.822Z,2650225,Edinburgh
Light cloud and a moderate breeze,36,6,43,59,37,83,2023-11-23,7,Low chance of precipitation,1013,9,48,19:00,1,Good,7,Light Cloud,A moderate breeze from the west,W,W,Westerly,28,18,2023-11-19T09:57:00+00:00,2023-11-19T16:00:46.822Z,2650225,Edinburgh
Light cloud and a moderate breeze,36,6,42,57,35,83,2023-11-23,0,Precipitation is not expected,1013,8,47,20:00,1,Good,7,Light Cloud,A moderate breeze from the west,W,W,Westerly,27,17,2023-11-19T09:57:00+00:00,2023-11-19T16:00:46.822Z,2650225,Edinburgh
Light cloud and a moderate breeze,36,5,41,55,34,84,2023-11-23,0,Precipitation is not expected,1014,8,47,21:00,1,Good,7,Light Cloud,A moderate breeze from the west,W,W,Westerly,26,16,2023-11-19T09:57:00+00:00,2023-11-19T16:00:46.822Z,2650225,Edinburgh
Light cloud and a moderate breeze,36,5,41,54,33,85,2023-11-23,0,Precipitation is not expected,1014,8,46,22:00,1,Good,7,Light Cloud,A moderate breeze from the west,W,W,Westerly,24,15,2023-11-19T09:57:00+00:00,2023-11-19T16:00:46.822Z,2650225,Edinburgh
Light cloud and a moderate breeze,36,5,41,52,33,85,2023-11-23,0,Precipitation is not expected,1014,8,46,23:00,1,Good,7,Light Cloud,A moderate breeze from the west,W,W,Westerly,24,15,2023-11-19T09:57:00+00:00,2023-11-19T16:00:46.822Z,2650225,Edinburgh
Light cloud and a moderate breeze,36,5,40,51,32,85,2023-11-24,0,Precipitation is not expected,1014,7,45,00:00,1,Good,7,Light Cloud,A moderate breeze from the west,W,W,Westerly,23,14,2023-11-19T09:57:00+00:00,2023-11-19T16:00:46.822Z,2650225,Edinburgh
Light cloud and a moderate breeze,36,5,40,50,31,86,2023-11-24,0,Precipitation is not expected,1013,7,45,01:00,1,Good,7,Light Cloud,A moderate breeze from the west,W,W,Westerly,22,14,2023-11-19T09:57:00+00:00,2023-11-19T16:00:46.822Z,2650225,Edinburgh
Light cloud and a moderate breeze,36,4,39,49,30,86,2023-11-24,0,Precipitation is not expected,1013,7,45,02:00,1,Good,7,Light Cloud,A moderate breeze from the west,W,W,Westerly,21,13,2023-11-19T09:57:00+00:00,2023-11-19T16:00:46.822Z,2650225,Edinburgh
Light cloud and a moderate breeze,36,4,39,48,30,86,2023-11-24,0,Precipitation is not expected,1013,7,44,03:00,1,Good,7,Light Cloud,A moderate breeze from the west,W,W,Westerly,20,13,2023-11-19T09:57:00+00:00,2023-11-19T16:00:46.822Z,2650225,Edinburgh
Light cloud and a moderate breeze,36,4,39,45,28,87,2023-11-24,0,Precipitation is not expected,1013,7,44,04:00,1,Good,7,Light Cloud,A moderate breeze from the west,W,W,Westerly,20,13,2023-11-19T09:57:00+00:00,2023-11-19T16:00:46.822Z,2650225,Edinburgh
Light cloud and a moderate breeze,36,4,39,45,28,88,2023-11-24,0,Precipitation is not expected,1013,7,44,05:00,1,Good,7,Light Cloud,A moderate breeze from the west,W,W,Westerly,20,13,2023-11-19T09:57:00+00:00,2023-11-19T16:00:46.822Z,2650225,Edinburgh
Light cloud and a gentle breeze,36,4,39,47,29,88,2023-11-24,0,Precipitation is not expected,1013,7,44,06:00,1,Good,7,Light Cloud,A gentle breeze from the west,W,W,Westerly,20,12,2023-11-19T09:57:00+00:00,2023-11-19T16:00:46.822Z,2650225,Edinburgh
Partly cloudy and a gentle breeze,2,3,38,46,29,89,2023-11-24,0,Precipitation is not expected,1013,6,43,07:00,1,Good,2,Partly Cloudy,A gentle breeze from the west,W,W,Westerly,20,12,2023-11-19T09:57:00+00:00,2023-11-19T16:00:46.822Z,2650225,Edinburgh
Partly cloudy and a gentle breeze,2,3,38,46,28,89,2023-11-24,0,Precipitation is not expected,1012,6,43,08:00,1,Good,2,Partly Cloudy,A gentle breeze from the west,W,W,Westerly,19,12,2023-11-19T09:57:00+00:00,2023-11-19T16:00:46.822Z,2650225,Edinburgh
Sunny intervals and a gentle breeze,3,3,38,46,29,90,2023-11-24,0,Precipitation is not expected,1012,6,43,09:00,1,Good,3,Sunny Intervals,A gentle breeze from the west,W,W,Westerly,19,12,2023-11-19T09:57:00+00:00,2023-11-19T16:00:46.822Z,2650225,Edinburgh
Sunny intervals and a gentle breeze,3,5,40,46,28,89,2023-11-24,0,Precipitation is not expected,1012,7,45,10:00,1,Good,3,Sunny Intervals,A gentle breeze from the west,W,W,Westerly,19,12,2023-11-19T09:57:00+00:00,2023-11-19T16:00:46.822Z,2650225,Edinburgh
Light cloud and a moderate breeze,7,5,42,45,28,85,2023-11-24,0,Precipitation is not expected,1012,8,46,11:00,1,Good,7,Light Cloud,A moderate breeze from the west north west,WNW,WNW,West North Westerly,20,13,2023-11-19T09:57:00+00:00,2023-11-19T16:00:46.822Z,2650225,Edinburgh
Light cloud and a moderate breeze,7,6,43,43,27,81,2023-11-24,0,Precipitation is not expected,1011,8,47,12:00,1,Good,7,Light Cloud,A moderate breeze from the west north west,WNW,WNW,West North Westerly,21,13,2023-11-19T09:57:00+00:00,2023-11-19T16:00:46.822Z,2650225,Edinburgh
Drizzle and a moderate breeze,11,6,43,41,26,80,2023-11-24,32,Chance of precipitation,1011,9,47,13:00,1,Good,11,Drizzle,A moderate breeze from the west north west,WNW,WNW,West North Westerly,21,13,2023-11-19T09:57:00+00:00,2023-11-19T16:00:46.822Z,2650225,Edinburgh
Drizzle and a moderate breeze,11,6,43,39,24,79,2023-11-24,37,Chance of precipitation,1011,9,47,14:00,1,Good,11,Drizzle,A moderate breeze from the west north west,WNW,WNW,West North Westerly,20,13,2023-11-19T09:57:00+00:00,2023-11-19T16:00:46.822Z,2650225,Edinburgh
Drizzle and a gentle breeze,11,6,43,37,23,80,2023-11-24,37,Chance of precipitation,1011,8,47,15:00,1,Good,11,Drizzle,A gentle breeze from the west,W,W,Westerly,20,12,2023-11-19T09:57:00+00:00,2023-11-19T16:00:46.822Z,2650225,Edinburgh
Drizzle and a gentle breeze,38,5,42,45,28,82,2023-11-24,34,Chance of precipitation,1011,8,46,16:00,1,Good,11,Drizzle,A gentle breeze from the west,W,W,Westerly,19,12,2023-11-19T09:57:00+00:00,2023-11-19T16:00:46.822Z,2650225,Edinburgh
Drizzle and a gentle breeze,38,5,41,44,27,85,2023-11-24,34,Chance of precipitation,1011,7,45,17:00,1,Good,11,Drizzle,A gentle breeze from the west,W,W,Westerly,19,12,2023-11-19T09:57:00+00:00,2023-11-19T16:00:46.822Z,2650225,Edinburgh
Drizzle and a gentle breeze,38,4,40,45,28,88,2023-11-24,34,Chance of precipitation,1011,7,45,18:00,1,Good,11,Drizzle,A gentle breeze from the west,W,W,Westerly,19,12,2023-11-19T09:57:00+00:00,2023-11-19T16:00:46.822Z,2650225,Edinburgh
Drizzle and a gentle breeze,38,4,39,45,28,89,2023-11-24,40,Chance of precipitation,1010,7,44,19:00,1,Good,11,Drizzle,A gentle breeze from the west,W,W,Westerly,19,12,2023-11-19T09:57:00+00:00,2023-11-19T16:00:46.822Z,2650225,Edinburgh
Drizzle and a gentle breeze,38,3,38,47,29,88,2023-11-24,40,Chance of precipitation,1010,6,43,20:00,1,Good,11,Drizzle,A gentle breeze from the west,W,W,Westerly,19,12,2023-11-19T09:57:00+00:00,2023-11-19T16:00:46.822Z,2650225,Edinburgh
Drizzle and a gentle breeze,38,3,37,45,28,89,2023-11-24,40,Chance of precipitation,1010,6,42,21:00,1,Good,11,Drizzle,A gentle breeze from the west,W,W,Westerly,19,12,2023-11-19T09:57:00+00:00,2023-11-19T16:00:46.822Z,2650225,Edinburgh
Partly cloudy and a gentle breeze,2,2,36,46,28,88,2023-11-24,28,Low chance of precipitation,1010,5,42,22:00,1,Good,2,Partly Cloudy,A gentle breeze from the west,W,W,Westerly,18,11,2023-11-19T09:57:00+00:00,2023-11-19T16:00:46.822Z,2650225,Edinburgh
Partly cloudy and a gentle breeze,2,2,35,35,22,87,2023-11-24,28,Low chance of precipitation,1010,5,41,23:00,1,Good,2,Partly Cloudy,A gentle breeze from the west,W,W,Westerly,18,11,2023-11-19T09:57:00+00:00,2023-11-19T16:00:46.822Z,2650225,Edinburgh
Partly cloudy and a gentle breeze,2,2,35,42,26,86,2023-11-25,28,Low chance of precipitation,1009,5,41,00:00,1,Good,2,Partly Cloudy,A gentle breeze from the west,W,W,Westerly,18,11,2023-11-19T09:57:00+00:00,2023-11-19T16:00:46.822Z,2650225,Edinburgh
Partly cloudy and a gentle breeze,2,2,35,45,28,86,2023-11-25,0,Precipitation is not expected,1009,5,41,01:00,1,Good,2,Partly Cloudy,A gentle breeze from the west,W,W,Westerly,16,10,2023-11-19T09:57:00+00:00,2023-11-19T16:00:46.822Z,2650225,Edinburgh
Partly cloudy and a gentle breeze,2,1,34,45,28,87,2023-11-25,0,Precipitation is not expected,1009,5,40,02:00,1,Good,2,Partly Cloudy,A gentle breeze from the west,W,W,Westerly,18,11,2023-11-19T09:57:00+00:00,2023-11-19T16:00:46.822Z,2650225,Edinburgh
Partly cloudy and a gentle breeze,2,1,34,31,19,88,2023-11-25,0,Precipitation is not expected,1009,5,40,03:00,1,Good,2,Partly Cloudy,A gentle breeze from the west,W,W,Westerly,17,11,2023-11-19T09:57:00+00:00,2023-11-19T16:00:46.822Z,2650225,Edinburgh
Drizzle and a gentle breeze,38,1,34,29,18,87,2023-11-25,34,Chance of precipitation,1009,5,40,04:00,1,Good,11,Drizzle,A gentle breeze from the west,W,W,Westerly,16,10,2023-11-19T09:57:00+00:00,2023-11-19T16:00:46.822Z,2650225,Edinburgh
Drizzle and a gentle breeze,38,1,35,27,17,89,2023-11-25,34,Chance of precipitation,1009,5,40,05:00,1,Good,11,Drizzle,A gentle breeze from the west north west,WNW,WNW,West North Westerly,15,9,2023-11-19T09:57:00+00:00,2023-11-19T16:00:46.822Z,2650225,Edinburgh
Light rain and a gentle breeze,39,2,35,29,18,89,2023-11-25,34,Chance of precipitation,1009,5,40,06:00,1,Good,12,Light Rain,A gentle breeze from the west north west,WNW,WNW,West North Westerly,14,9,2023-11-19T09:57:00+00:00,2023-11-19T16:00:46.822Z,2650225,Edinburgh
Light rain and a gentle breeze,39,1,34,30,19,90,2023-11-25,44,Chance of precipitation,1009,4,40,07:00,1,Good,12,Light Rain,A gentle breeze from the west north west,WNW,WNW,West North Westerly,17,11,2023-11-19T09:57:00+00:00,2023-11-19T16:00:46.822Z,2650225,Edinburgh
Light rain and a gentle breeze,39,1,33,33,20,90,2023-11-25,44,Chance of precipitation,1009,4,40,08:00,1,Good,12,Light Rain,A gentle breeze from the west north west,WNW,WNW,West North Westerly,18,11,2023-11-19T09:57:00+00:00,2023-11-19T16:00:46.822Z,2650225,Edinburgh
Light rain and a gentle breeze,12,1,34,47,29,91,2023-11-25,44,Chance of precipitation,1010,5,40,09:00,1,Good,12,Light Rain,A gentle breeze from the west north west,WNW,WNW,West North Westerly,18,11,2023-11-19T09:57:00+00:00,2023-11-19T16:00:46.822Z,2650225,Edinburgh
Light rain showers and a gentle breeze,10,3,36,47,29,89,2023-11-25,46,Chance of precipitation,1010,6,42,10:00,1,Good,10,Light Rain Showers,A gentle breeze from the west,W,W,Westerly,19,12,2023-11-19T09:57:00+00:00,2023-11-19T16:00:46.822Z,2650225,Edinburgh
Light rain and a gentle breeze,12,3,38,46,29,85,2023-11-25,46,Chance of precipitation,1010,6,43,11:00,1,Good,12,Light Rain,A gentle breeze from the west north west,WNW,WNW,West North Westerly,19,12,2023-11-19T09:57:00+00:00,2023-11-19T16:00:46.822Z,2650225,Edinburgh
Light rain and a gentle breeze,12,4,39,47,29,81,2023-11-25,46,Chance of precipitation,1010,7,44,12:00,1,Good,12,Light Rain,A gentle breeze from the west,W,W,Westerly,19,12,2023-11-19T09:57:00+00:00,2023-11-19T16:00:46.822Z,2650225,Edinburgh
Light rain and a gentle breeze,12,4,39,43,27,79,2023-11-25,52,Chance of precipitation,1010,7,45,13:00,1,Good,12,Light Rain,A gentle breeze from the west,W,W,Westerly,19,12,2023-11-19T09:57:00+00:00,2023-11-19T16:00:46.822Z,2650225,Edinburgh
Light rain and a gentle breeze,12,5,40,42,26,78,2023-11-25,52,Chance of precipitation,1009,7,45,14:00,1,Good,12,Light Rain,A gentle breeze from the west,W,W,Westerly,17,11,2023-11-19T09:57:00+00:00,2023-11-19T16:00:46.822Z,2650225,Edinburgh
Light rain and a gentle breeze,12,4,39,40,25,80,2023-11-25,52,Chance of precipitation,1009,7,44,15:00,1,Good,12,Light Rain,A gentle breeze from the west,W,W,Westerly,17,10,2023-11-19T09:57:00+00:00,2023-11-19T16:00:46.822Z,2650225,Edinburgh
Light rain and a gentle breeze,39,4,38,37,23,82,2023-11-25,42,Chance of precipitation,1009,6,43,16:00,1,Good,12,Light Rain,A gentle breeze from the west,W,W,Westerly,16,10,2023-11-19T09:57:00+00:00,2023-11-19T16:00:46.822Z,2650225,Edinburgh
Light rain and a gentle breeze,39,3,37,34,21,84,2023-11-25,42,Chance of precipitation,1009,6,42,17:00,1,Good,12,Light Rain,A gentle breeze from the west,W,W,Westerly,16,10,2023-11-19T09:57:00+00:00,2023-11-19T16:00:46.822Z,2650225,Edinburgh
Light rain and a gentle breeze,39,3,37,32,20,87,2023-11-25,42,Chance of precipitation,1009,5,41,18:00,1,Good,12,Light Rain,A gentle breeze from the west,W,W,Westerly,15,9,2023-11-19T09:57:00+00:00,2023-11-19T16:00:46.822Z,2650225,Edinburgh
Partly cloudy and a gentle breeze,2,2,36,31,19,89,2023-11-25,0,Precipitation is not expected,1009,5,41,19:00,1,Good,2,Partly Cloudy,A gentle breeze from the west,W,W,Westerly,16,10,2023-11-19T09:57:00+00:00,2023-11-19T16:00:46.822Z,2650225,Edinburgh
Partly cloudy and a gentle breeze,2,2,35,30,19,89,2023-11-25,0,Precipitation is not expected,1009,5,41,20:00,1,Good,2,Partly Cloudy,A gentle breeze from the west,W,W,Westerly,15,9,2023-11-19T09:57:00+00:00,2023-11-19T16:00:46.822Z,2650225,Edinburgh
Partly cloudy and a gentle breeze,2,1,35,28,18,90,2023-11-25,0,Precipitation is not expected,1009,4,40,21:00,1,Good,2,Partly Cloudy,A gentle breeze from the west south west,WSW,WSW,West South Westerly,14,9,2023-11-19T09:57:00+00:00,2023-11-19T16:00:46.822Z,2650225,Edinburgh
Partly cloudy and a gentle breeze,2,1,35,26,16,91,2023-11-25,0,Precipitation is not expected,1009,4,40,22:00,1,Good,2,Partly Cloudy,A gentle breeze from the west,W,W,Westerly,14,9,2023-11-19T09:57:00+00:00,2023-11-19T16:00:46.822Z,2650225,Edinburgh
Partly cloudy and a gentle breeze,2,1,34,23,15,90,2023-11-25,0,Precipitation is not expected,1009,4,39,23:00,1,Good,2,Partly Cloudy,A gentle breeze from the west,W,W,Westerly,12,8,2023-11-19T09:57:00+00:00,2023-11-19T16:00:46.822Z,2650225,Edinburgh
A clear sky and light winds,0,1,34,24,15,90,2023-11-26,0,Precipitation is not expected,1008,4,39,00:00,1,Good,0,Clear Sky,Light winds from the west,W,W,Westerly,12,7,2023-11-19T09:57:00+00:00,2023-11-19T16:00:46.822Z,2650225,Edinburgh
A clear sky and light winds,0,1,34,22,14,91,2023-11-26,0,Precipitation is not expected,1008,4,39,01:00,1,Good,0,Clear Sky,Light winds from the west,W,W,Westerly,11,7,2023-11-19T09:57:00+00:00,2023-11-19T16:00:46.822Z,2650225,Edinburgh
Partly cloudy and light winds,2,1,34,19,12,91,2023-11-26,0,Precipitation is not expected,1008,4,39,02:00,1,Good,2,Partly Cloudy,Light winds from the west,W,W,Westerly,10,6,2023-11-19T09:57:00+00:00,2023-11-19T16:00:46.822Z,2650225,Edinburgh
Partly cloudy and light winds,2,1,34,19,12,92,2023-11-26,0,Precipitation is not expected,1008,3,38,03:00,1,Good,2,Partly Cloudy,Light winds from the west,W,W,Westerly,10,6,2023-11-19T09:57:00+00:00,2023-11-19T16:00:46.822Z,2650225,Edinburgh
Partly cloudy and light winds,2,1,34,18,11,91,2023-11-26,0,Precipitation is not expected,1008,3,38,04:00,1,Good,2,Partly Cloudy,Light winds from the west,W,W,Westerly,9,6,2023-11-19T09:57:00+00:00,2023-11-19T16:00:46.822Z,2650225,Edinburgh
Partly cloudy and light winds,2,1,34,18,11,90,2023-11-26,0,Precipitation is not expected,1008,3,38,05:00,1,Good,2,Partly Cloudy,Light winds from the west,W,W,Westerly,9,6,2023-11-19T09:57:00+00:00,2023-11-19T16:00:46.822Z,2650225,Edinburgh
Partly cloudy and light winds,2,1,33,17,10,91,2023-11-26,0,Precipitation is not expected,1008,3,38,06:00,1,Good,2,Partly Cloudy,Light winds from the west,W,W,Westerly,9,6,2023-11-19T09:57:00+00:00,2023-11-19T16:00:46.822Z,2650225,Edinburgh
Partly cloudy and light winds,2,0,33,16,10,92,2023-11-26,14,Low chance of precipitation,1008,3,37,07:00,1,Good,2,Partly Cloudy,Light winds from the west,W,W,Westerly,10,6,2023-11-19T09:57:00+00:00,2023-11-19T16:00:46.822Z,2650225,Edinburgh
Partly cloudy and light winds,2,1,33,14,9,93,2023-11-26,14,Low chance of precipitation,1008,3,38,08:00,1,Good,2,Partly Cloudy,Light winds from the west,W,W,Westerly,10,6,2023-11-19T09:57:00+00:00,2023-11-19T16:00:46.822Z,2650225,Edinburgh
Sunny and light winds,1,1,34,16,10,93,2023-11-26,14,Low chance of precipitation,1009,4,39,09:00,1,Good,1,Sunny,Light winds from the south west,SW,SW,South Westerly,10,6,2023-11-19T09:57:00+00:00,2023-11-19T16:00:46.822Z,2650225,Edinburgh
Sunny and a gentle breeze,1,3,37,18,11,90,2023-11-26,25,Low chance of precipitation,1009,5,41,10:00,1,Good,1,Sunny,A gentle breeze from the south west,SW,SW,South Westerly,12,8,2023-11-19T09:57:00+00:00,2023-11-19T16:00:46.822Z,2650225,Edinburgh
Sunny and a gentle breeze,1,3,38,19,12,87,2023-11-26,25,Low chance of precipitation,1009,6,43,11:00,1,Good,1,Sunny,A gentle breeze from the south west,SW,SW,South Westerly,14,9,2023-11-19T09:57:00+00:00,2023-11-19T16:00:46.822Z,2650225,Edinburgh
Sunny and a gentle breeze,1,4,39,20,12,83,2023-11-26,17,Low chance of precipitation,1009,7,44,12:00,1,Good,1,Sunny,A gentle breeze from the south west,SW,SW,South Westerly,16,10,2023-11-19T09:57:00+00:00,2023-11-19T16:00:46.822Z,2650225,Edinburgh
Sunny intervals and a gentle breeze,3,5,40,20,12,81,2023-11-26,23,Low chance of precipitation,1009,7,45,13:00,1,Good,3,Sunny Intervals,A gentle breeze from the west south west,WSW,WSW,West South Westerly,16,10,2023-11-19T09:57:00+00:00,2023-11-19T16:00:46.822Z,2650225,Edinburgh
Sunny intervals and a gentle breeze,3,5,40,21,13,80,2023-11-26,23,Low chance of precipitation,1009,7,45,14:00,1,Good,3,Sunny Intervals,A gentle breeze from the west south west,WSW,WSW,West South Westerly,16,10,2023-11-19T09:57:00+00:00,2023-11-19T16:00:46.822Z,2650225,Edinburgh
Sunny intervals and a gentle breeze,3,4,40,20,12,80,2023-11-26,31,Chance of precipitation,1009,7,44,15:00,1,Good,3,Sunny Intervals,A gentle breeze from the west south west,WSW,WSW,West South Westerly,16,10,2023-11-19T09:57:00+00:00,2023-11-19T16:00:46.822Z,2650225,Edinburgh
Partly cloudy and a gentle breeze,2,4,39,19,12,82,2023-11-26,27,Low chance of precipitation,1009,6,43,16:00,1,Good,2,Partly Cloudy,A gentle breeze from the west south west,WSW,WSW,West South Westerly,16,10,2023-11-19T09:57:00+00:00,2023-11-19T16:00:46.822Z,2650225,Edinburgh
Light cloud and a gentle breeze,36,3,38,19,12,84,2023-11-26,27,Low chance of precipitation,1009,6,43,17:00,1,Good,7,Light Cloud,A gentle breeze from the south west,SW,SW,South Westerly,15,9,2023-11-19T09:57:00+00:00,2023-11-19T16:00:46.822Z,2650225,Edinburgh
Light cloud and a gentle breeze,36,3,37,20,12,86,2023-11-26,27,Low chance of precipitation,1009,6,42,18:00,1,Good,7,Light Cloud,A gentle breeze from the south west,SW,SW,South Westerly,16,10,2023-11-19T09:57:00+00:00,2023-11-19T16:00:46.822Z,2650225,Edinburgh
Light rain and a gentle breeze,39,3,37,21,13,88,2023-11-26,46,Chance of precipitation,1009,5,42,19:00,1,Good,12,Light Rain,A gentle breeze from the south west,SW,SW,South Westerly,16,10,2023-11-19T09:57:00+00:00,2023-11-19T16:00:46.822Z,2650225,Edinburgh
Light rain and a gentle breeze,39,3,37,22,14,88,2023-11-26,46,Chance of precipitation,1009,5,42,20:00,1,Good,12,Light Rain,A gentle breeze from the south west,SW,SW,South Westerly,16,10,2023-11-19T09:57:00+00:00,2023-11-19T16:00:46.822Z,2650225,Edinburgh
Light rain and a gentle breeze,39,2,36,23,15,89,2023-11-26,46,Chance of precipitation,1009,5,42,21:00,1,Good,12,Light Rain,A gentle breeze from the south west,SW,SW,South Westerly,17,10,2023-11-19T09:57:00+00:00,2023-11-19T16:00:46.822Z,2650225,Edinburgh
Light rain and a gentle breeze,39,2,36,25,15,90,2023-11-26,45,Chance of precipitation,1009,5,41,22:00,1,Good,12,Light Rain,A gentle breeze from the south west,SW,SW,South Westerly,16,10,2023-11-19T09:57:00+00:00,2023-11-19T16:00:46.822Z,2650225,Edinburgh
Light rain and a gentle breeze,39,2,35,26,16,90,2023-11-26,45,Chance of precipitation,1009,5,41,23:00,1,Good,12,Light Rain,A gentle breeze from the south west,SW,SW,South Westerly,17,10,2023-11-19T09:57:00+00:00,2023-11-19T16:00:46.822Z,2650225,Edinburgh
Light rain and a gentle breeze,39,2,35,29,18,91,2023-11-27,45,Chance of precipitation,1009,5,41,00:00,1,Moderate,12,Light Rain,A gentle breeze from the south west,SW,SW,South Westerly,17,11,2023-11-19T09:57:00+00:00,2023-11-19T16:00:46.822Z,2650225,Edinburgh
Light rain and a gentle breeze,39,2,35,32,20,91,2023-11-27,69,Chance of precipitation,1009,5,41,01:00,1,Moderate,12,Light Rain,A gentle breeze from the south west,SW,SW,South Westerly,17,11,2023-11-19T09:57:00+00:00,2023-11-19T16:00:46.822Z,2650225,Edinburgh
Light rain and a gentle breeze,39,2,35,35,22,91,2023-11-27,69,Chance of precipitation,1009,5,41,02:00,1,Moderate,12,Light Rain,A gentle breeze from the south west,SW,SW,South Westerly,17,11,2023-11-19T09:57:00+00:00,2023-11-19T16:00:46.822Z,2650225,Edinburgh
Light rain and a gentle breeze,39,2,35,35,22,92,2023-11-27,69,Chance of precipitation,1009,5,41,03:00,1,Moderate,12,Light Rain,A gentle breeze from the south west,SW,SW,South Westerly,17,11,2023-11-19T09:57:00+00:00,2023-11-19T16:00:46.822Z,2650225,Edinburgh
Light rain and a gentle breeze,39,2,35,35,22,91,2023-11-27,68,Chance of precipitation,1009,5,41,04:00,1,Moderate,12,Light Rain,A gentle breeze from the south west,SW,SW,South Westerly,17,11,2023-11-19T09:57:00+00:00,2023-11-19T16:00:46.822Z,2650225,Edinburgh
Light rain and a gentle breeze,39,2,35,36,22,91,2023-11-27,68,Chance of precipitation,1009,5,41,05:00,1,Moderate,12,Light Rain,A gentle breeze from the south west,SW,SW,South Westerly,17,11,2023-11-19T09:57:00+00:00,2023-11-19T16:00:46.822Z,2650225,Edinburgh
Light rain and a gentle breeze,39,2,35,32,20,91,2023-11-27,68,Chance of precipitation,1009,5,41,06:00,1,Moderate,12,Light Rain,A gentle breeze from the south west,SW,SW,South Westerly,17,11,2023-11-19T16:00:46+00:00,2023-11-19T16:00:46.822Z,2650225,Edinburgh
Drizzle and a gentle breeze,38,1,34,28,17,92,2023-11-27,36,Chance of precipitation,1009,5,40,07:00,1,Moderate,11,Drizzle,A gentle breeze from the south west,SW,SW,South Westerly,17,11,2023-11-19T16:00:46+00:00,2023-11-19T16:00:46.822Z,2650225,Edinburgh
Drizzle and a gentle breeze,38,1,35,24,15,92,2023-11-27,36,Chance of precipitation,1009,5,41,08:00,1,Good,11,Drizzle,A gentle breeze from the west south west,WSW,WSW,West South Westerly,17,10,2023-11-19T16:00:46+00:00,2023-11-19T16:00:46.822Z,2650225,Edinburgh
Drizzle and a gentle breeze,11,2,36,26,16,92,2023-11-27,36,Chance of precipitation,1010,5,41,09:00,1,Moderate,11,Drizzle,A gentle breeze from the west south west,WSW,WSW,West South Westerly,17,11,2023-11-19T16:00:46+00:00,2023-11-19T16:00:46.822Z,2650225,Edinburgh
Light cloud and a gentle breeze,7,3,38,27,17,90,2023-11-27,25,Low chance of precipitation,1009,6,43,10:00,1,Good,7,Light Cloud,A gentle breeze from the west south west,WSW,WSW,West South Westerly,17,11,2023-11-19T16:00:46+00:00,2023-11-19T16:00:46.822Z,2650225,Edinburgh
Light cloud and a gentle breeze,7,4,39,28,17,87,2023-11-27,25,Low chance of precipitation,1009,7,44,11:00,1,Good,7,Light Cloud,A gentle breeze from the west south west,WSW,WSW,West South Westerly,18,11,2023-11-19T16:00:46+00:00,2023-11-19T16:00:46.822Z,2650225,Edinburgh
Light cloud and a gentle breeze,7,5,41,27,17,83,2023-11-27,25,Low chance of precipitation,1009,7,45,12:00,1,Good,7,Light Cloud,A gentle breeze from the west south west,WSW,WSW,West South Westerly,18,11,2023-11-19T16:00:46+00:00,2023-11-19T16:00:46.822Z,2650225,Edinburgh
Sunny intervals and a gentle breeze,3,5,41,26,16,81,2023-11-27,26,Low chance of precipitation,1009,7,45,13:00,1,Good,3,Sunny Intervals,A gentle breeze from the west south west,WSW,WSW,West South Westerly,18,11,2023-11-19T16:00:46+00:00,2023-11-19T16:00:46.822Z,2650225,Edinburgh
Sunny intervals and a gentle breeze,3,5,41,26,16,80,2023-11-27,26,Low chance of precipitation,1009,7,45,14:00,1,Good,3,Sunny Intervals,A gentle breeze from the west south west,WSW,WSW,West South Westerly,17,11,2023-11-19T16:00:46+00:00,2023-11-19T16:00:46.822Z,2650225,Edinburgh
Sunny intervals and a gentle breeze,3,5,40,24,15,81,2023-11-27,26,Low chance of precipitation,1008,7,45,15:00,1,Good,3,Sunny Intervals,A gentle breeze from the west south west,WSW,WSW,West South Westerly,17,11,2023-11-19T16:00:46+00:00,2023-11-19T16:00:46.822Z,2650225,Edinburgh
Drizzle and a gentle breeze,38,4,39,22,14,83,2023-11-27,31,Chance of precipitation,1008,7,44,16:00,1,Good,11,Drizzle,A gentle breeze from the west south west,WSW,WSW,West South Westerly,16,10,2023-11-19T16:00:46+00:00,2023-11-19T16:00:46.822Z,2650225,Edinburgh
Drizzle and a gentle breeze,38,3,38,20,12,84,2023-11-27,31,Chance of precipitation,1008,6,43,17:00,1,Good,11,Drizzle,A gentle breeze from the west south west,WSW,WSW,West South Westerly,16,10,2023-11-19T16:00:46+00:00,2023-11-19T16:00:46.822Z,2650225,Edinburgh
Drizzle and a gentle breeze,38,3,37,19,12,86,2023-11-27,31,Chance of precipitation,1008,5,42,18:00,1,Moderate,11,Drizzle,A gentle breeze from the west south west,WSW,WSW,West South Westerly,16,10,2023-11-19T16:00:46+00:00,2023-11-19T16:00:46.822Z,2650225,Edinburgh
Drizzle and a gentle breeze,38,2,36,18,11,88,2023-11-27,34,Chance of precipitation,1008,5,41,19:00,1,Good,11,Drizzle,A gentle breeze from the west south west,WSW,WSW,West South Westerly,15,9,2023-11-19T16:00:46+00:00,2023-11-19T16:00:46.822Z,2650225,Edinburgh
Drizzle and a gentle breeze,38,2,36,18,11,89,2023-11-27,34,Chance of precipitation,1008,5,41,20:00,1,Good,11,Drizzle,A gentle breeze from the west south west,WSW,WSW,West South Westerly,14,9,2023-11-19T16:00:46+00:00,2023-11-19T16:00:46.822Z,2650225,Edinburgh
Drizzle and a gentle breeze,38,2,35,18,11,90,2023-11-27,34,Chance of precipitation,1008,5,40,21:00,1,Good,11,Drizzle,A gentle breeze from the west south west,WSW,WSW,West South Westerly,14,9,2023-11-19T16:00:46+00:00,2023-11-19T16:00:46.822Z,2650225,Edinburgh
Partly cloudy and a gentle breeze,2,2,35,19,12,91,2023-11-27,25,Low chance of precipitation,1007,4,40,22:00,1,Good,2,Partly Cloudy,A gentle breeze from the west south west,WSW,WSW,West South Westerly,13,8,2023-11-19T16:00:46+00:00,2023-11-19T16:00:46.822Z,2650225,Edinburgh
Light cloud and a gentle breeze,36,1,34,20,13,91,2023-11-27,25,Low chance of precipitation,1007,4,39,23:00,1,Good,7,Light Cloud,A gentle breeze from the west south west,WSW,WSW,West South Westerly,12,8,2023-11-19T16:00:46+00:00,2023-11-19T16:00:46.822Z,2650225,Edinburgh
Light cloud and light winds,36,1,35,20,12,92,2023-11-28,25,Low chance of precipitation,1007,4,39,00:00,1,Good,7,Light Cloud,Light winds from the west south west,WSW,WSW,West South Westerly,11,7,2023-11-19T16:00:46+00:00,2023-11-19T16:00:46.822Z,2650225,Edinburgh
Light rain and light winds,39,1,34,19,12,92,2023-11-28,28,Low chance of precipitation,1007,4,39,01:00,1,Good,12,Light Rain,Light winds from the west south west,WSW,WSW,West South Westerly,11,7,2023-11-19T16:00:46+00:00,2023-11-19T16:00:46.822Z,2650225,Edinburgh
Light rain and light winds,39,1,33,18,11,92,2023-11-28,28,Low chance of precipitation,1007,3,38,02:00,1,Moderate,12,Light Rain,Light winds from the west south west,WSW,WSW,West South Westerly,11,7,2023-11-19T16:00:46+00:00,2023-11-19T16:00:46.822Z,2650225,Edinburgh
Light rain and light winds,39,1,33,21,13,92,2023-11-28,29,Low chance of precipitation,1007,3,38,03:00,1,Moderate,12,Light Rain,Light winds from the west south west,WSW,WSW,West South Westerly,11,7,2023-11-19T16:00:46+00:00,2023-11-19T16:00:46.822Z,2650225,Edinburgh
Light rain and light winds,39,1,33,23,14,91,2023-11-28,48,Chance of precipitation,1007,3,38,04:00,1,Moderate,12,Light Rain,Light winds from the west,W,W,Westerly,11,7,2023-11-19T16:00:46+00:00,2023-11-19T16:00:46.822Z,2650225,Edinburgh
Light rain and light winds,39,0,33,25,15,91,2023-11-28,47,Chance of precipitation,1006,3,38,05:00,1,Moderate,12,Light Rain,Light winds from the west north west,WNW,WNW,West North Westerly,12,7,2023-11-19T16:00:46+00:00,2023-11-19T16:00:46.822Z,2650225,Edinburgh
Light rain and light winds,39,0,33,27,17,91,2023-11-28,47,Chance of precipitation,1006,3,38,06:00,1,Moderate,12,Light Rain,Light winds from the north west,NW,NW,North Westerly,12,7,2023-11-19T16:00:46+00:00,2023-11-19T16:00:46.822Z,2650225,Edinburgh
Light rain and light winds,39,0,32,29,18,92,2023-11-28,70,Chance of precipitation,1007,3,37,07:00,1,Moderate,12,Light Rain,Light winds from the north west,NW,NW,North Westerly,12,7,2023-11-19T16:00:46+00:00,2023-11-19T16:00:46.822Z,2650225,Edinburgh
Light rain and light winds,39,0,32,30,19,93,2023-11-28,70,Chance of precipitation,1007,3,37,08:00,1,Moderate,12,Light Rain,Light winds from the north north west,NNW,NNW,North North Westerly,12,7,2023-11-19T16:00:46+00:00,2023-11-19T16:00:46.822Z,2650225,Edinburgh
Light rain and a gentle breeze,12,0,33,33,20,93,2023-11-28,69,Chance of precipitation,1007,3,38,09:00,1,Good,12,Light Rain,A gentle breeze from the north north west,NNW,NNW,North North Westerly,13,8,2023-11-19T16:00:46+00:00,2023-11-19T16:00:46.822Z,2650225,Edinburgh
Drizzle and a gentle breeze,11,2,35,35,22,91,2023-11-28,66,Chance of precipitation,1007,4,40,10:00,1,Good,11,Drizzle,A gentle breeze from the north north west,NNW,NNW,North North Westerly,13,8,2023-11-19T16:00:46+00:00,2023-11-19T16:00:46.822Z,2650225,Edinburgh
Drizzle and a gentle breeze,11,3,37,36,22,86,2023-11-28,66,Chance of precipitation,1007,5,41,11:00,1,Good,11,Drizzle,A gentle breeze from the north north west,NNW,NNW,North North Westerly,14,9,2023-11-19T16:00:46+00:00,2023-11-19T16:00:46.822Z,2650225,Edinburgh
Drizzle and a gentle breeze,11,3,37,36,22,83,2023-11-28,66,Chance of precipitation,1007,6,42,12:00,1,Good,11,Drizzle,A gentle breeze from the north north west,NNW,NNW,North North Westerly,14,9,2023-11-19T16:00:46+00:00,2023-11-19T16:00:46.822Z,2650225,Edinburgh
Drizzle and a gentle breeze,11,3,38,34,21,82,2023-11-28,47,Chance of precipitation,1007,6,43,13:00,1,Good,11,Drizzle,A gentle breeze from the north north west,NNW,NNW,North North Westerly,14,9,2023-11-19T16:00:46+00:00,2023-11-19T16:00:46.822Z,2650225,Edinburgh
Drizzle and a gentle breeze,11,3,38,32,20,82,2023-11-28,47,Chance of precipitation,1007,6,43,14:00,1,Moderate,11,Drizzle,A gentle breeze from the north north west,NNW,NNW,North North Westerly,13,8,2023-11-19T16:00:46+00:00,2023-11-19T16:00:46.822Z,2650225,Edinburgh
Drizzle and a gentle breeze,11,3,37,31,19,83,2023-11-28,47,Chance of precipitation,1007,5,42,15:00,1,Moderate,11,Drizzle,A gentle breeze from the north north west,NNW,NNW,North North Westerly,13,8,2023-11-19T16:00:46+00:00,2023-11-19T16:00:46.822Z,2650225,Edinburgh
Light rain and a gentle breeze,39,2,36,30,19,85,2023-11-28,57,Chance of precipitation,1007,5,41,16:00,1,Moderate,12,Light Rain,A gentle breeze from the north north west,NNW,NNW,North North Westerly,13,8,2023-11-19T16:00:46+00:00,2023-11-19T16:00:46.822Z,2650225,Edinburgh
Light rain and a gentle breeze,39,2,35,29,18,88,2023-11-28,57,Chance of precipitation,1008,5,40,17:00,1,Moderate,12,Light Rain,A gentle breeze from the north,N,N,Northerly,12,8,2023-11-19T16:00:46+00:00,2023-11-19T16:00:46.822Z,2650225,Edinburgh
Light rain and a gentle breeze,39,1,35,24,15,90,2023-11-28,57,Chance of precipitation,1008,4,40,18:00,1,Moderate,12,Light Rain,A gentle breeze from the north,N,N,Northerly,13,8,2023-11-19T16:00:46+00:00,2023-11-19T16:00:46.822Z,2650225,Edinburgh
Drizzle and a gentle breeze,38,0,33,20,13,92,2023-11-28,58,Chance of precipitation,1008,4,39,19:00,1,Moderate,11,Drizzle,A gentle breeze from the north north east,NNE,NNE,North North Easterly,17,10,2023-11-19T16:00:46+00:00,2023-11-19T16:00:46.822Z,2650225,Edinburgh
Drizzle and a gentle breeze,38,0,33,19,12,92,2023-11-28,58,Chance of precipitation,1008,4,39,20:00,1,Moderate,11,Drizzle,A gentle breeze from the north east,NE,NE,North Easterly,16,10,2023-11-19T16:00:46+00:00,2023-11-19T16:00:46.822Z,2650225,Edinburgh
Partly cloudy and a gentle breeze,2,0,32,18,11,91,2023-11-28,58,Chance of precipitation,1008,4,39,21:00,1,Good,2,Partly Cloudy,A gentle breeze from the east,E,E,Easterly,16,10,2023-11-19T16:00:46+00:00,2023-11-19T16:00:46.822Z,2650225,Edinburgh
A clear sky and a gentle breeze,0,0,32,18,11,91,2023-11-28,0,Precipitation is not expected,1008,3,38,22:00,1,Good,0,Clear Sky,A gentle breeze from the east north east,ENE,ENE,East North Easterly,16,10,2023-11-19T16:00:46+00:00,2023-11-19T16:00:46.822Z,2650225,Edinburgh
A clear sky and a gentle breeze,0,0,31,17,11,91,2023-11-28,0,Precipitation is not expected,1008,3,38,23:00,1,Good,0,Clear Sky,A gentle breeze from the east north east,ENE,ENE,East North Easterly,16,10,2023-11-19T16:00:46+00:00,2023-11-19T16:00:46.822Z,2650225,Edinburgh
A clear sky and a gentle breeze,0,0,31,17,11,90,2023-11-29,0,Precipitation is not expected,1008,3,38,00:00,1,Good,0,Clear Sky,A gentle breeze from the east,E,E,Easterly,15,9,2023-11-19T16:00:46+00:00,2023-11-19T16:00:46.822Z,2650225,Edinburgh
A clear sky and a gentle breeze,0,-1,31,17,10,91,2023-11-29,0,Precipitation is not expected,1009,3,37,01:00,1,Good,0,Clear Sky,A gentle breeze from the east,E,E,Easterly,15,9,2023-11-19T16:00:46+00:00,2023-11-19T16:00:46.822Z,2650225,Edinburgh
Partly cloudy and a gentle breeze,2,-1,31,17,11,90,2023-11-29,0,Precipitation is not expected,1009,3,37,02:00,1,Good,2,Partly Cloudy,A gentle breeze from the east north east,ENE,ENE,East North Easterly,14,9,2023-11-19T16:00:46+00:00,2023-11-19T16:00:46.822Z,2650225,Edinburgh
Partly cloudy and a gentle breeze,2,-1,31,16,10,91,2023-11-29,0,Precipitation is not expected,1009,3,37,03:00,1,Good,2,Partly Cloudy,A gentle breeze from the east north east,ENE,ENE,East North Easterly,14,9,2023-11-19T16:00:46+00:00,2023-11-19T16:00:46.822Z,2650225,Edinburgh
Partly cloudy and a gentle breeze,2,-1,30,16,10,91,2023-11-29,14,Low chance of precipitation,1009,3,37,04:00,1,Good,2,Partly Cloudy,A gentle breeze from the east north east,ENE,ENE,East North Easterly,14,9,2023-11-19T16:00:46+00:00,2023-11-19T16:00:46.822Z,2650225,Edinburgh
Partly cloudy and a gentle breeze,2,-1,30,15,9,91,2023-11-29,14,Low chance of precipitation,1009,3,37,05:00,1,Good,2,Partly Cloudy,A gentle breeze from the north east,NE,NE,North Easterly,14,9,2023-11-19T16:00:46+00:00,2023-11-19T16:00:46.822Z,2650225,Edinburgh
Partly cloudy and a gentle breeze,2,-1,30,15,9,92,2023-11-29,14,Low chance of precipitation,1009,3,37,06:00,1,Good,2,Partly Cloudy,A gentle breeze from the north east,NE,NE,North Easterly,13,8,2023-11-19T16:00:46+00:00,2023-11-19T16:00:46.822Z,2650225,Edinburgh
Partly cloudy and a gentle breeze,2,-1,30,15,9,93,2023-11-29,0,Precipitation is not expected,1010,2,36,07:00,1,Good,2,Partly Cloudy,A gentle breeze from the north east,NE,NE,North Easterly,13,8,2023-11-19T16:00:46+00:00,2023-11-19T16:00:46.822Z,2650225,Edinburgh
Partly cloudy and a gentle breeze,2,-1,30,15,9,94,2023-11-29,0,Precipitation is not expected,1010,2,36,08:00,1,Good,2,Partly Cloudy,A gentle breeze from the north north east,NNE,NNE,North North Easterly,13,8,2023-11-19T16:00:46+00:00,2023-11-19T16:00:46.822Z,2650225,Edinburgh
Sunny intervals and a gentle breeze,3,0,31,17,11,95,2023-11-29,0,Precipitation is not expected,1010,3,37,09:00,1,Good,3,Sunny Intervals,A gentle breeze from the north north east,NNE,NNE,North North Easterly,13,8,2023-11-19T16:00:46+00:00,2023-11-19T16:00:46.822Z,2650225,Edinburgh
Sunny and a gentle breeze,1,1,34,23,14,92,2023-11-29,0,Precipitation is not expected,1010,4,39,10:00,1,Good,1,Sunny,A gentle breeze from the north north east,NNE,NNE,North North Easterly,14,9,2023-11-19T16:00:46+00:00,2023-11-19T16:00:46.822Z,2650225,Edinburgh
Sunny and a gentle breeze,1,2,36,29,18,87,2023-11-29,0,Precipitation is not expected,1010,5,41,11:00,1,Good,1,Sunny,A gentle breeze from the north north east,NNE,NNE,North North Easterly,16,10,2023-11-19T16:00:46+00:00,2023-11-19T16:00:46.822Z,2650225,Edinburgh
Sunny and a gentle breeze,1,3,37,27,17,84,2023-11-29,0,Precipitation is not expected,1010,6,42,12:00,1,Good,1,Sunny,A gentle breeze from the north east,NE,NE,North Easterly,16,10,2023-11-19T16:00:46+00:00,2023-11-19T16:00:46.822Z,2650225,Edinburgh
Sunny and a gentle breeze,1,3,38,24,15,82,2023-11-29,22,Low chance of precipitation,1011,6,43,13:00,1,Good,1,Sunny,A gentle breeze from the north north east,NNE,NNE,North North Easterly,16,10,2023-11-19T16:00:46+00:00,2023-11-19T16:00:46.822Z,2650225,Edinburgh
Sunny and a gentle breeze,1,3,38,22,14,81,2023-11-29,22,Low chance of precipitation,1011,6,43,14:00,1,Good,1,Sunny,A gentle breeze from the north north east,NNE,NNE,North North Easterly,14,9,2023-11-19T16:00:46+00:00,2023-11-19T16:00:46.822Z,2650225,Edinburgh
Sunny and a gentle breeze,1,3,38,20,12,82,2023-11-29,22,Low chance of precipitation,1011,6,42,15:00,1,Good,1,Sunny,A gentle breeze from the north north east,NNE,NNE,North North Easterly,14,9,2023-11-19T16:00:46+00:00,2023-11-19T16:00:46.822Z,2650225,Edinburgh
A clear sky and a gentle breeze,0,2,36,18,11,83,2023-11-29,0,Precipitation is not expected,1011,5,41,16:00,1,Good,0,Clear Sky,A gentle breeze from the north north east,NNE,NNE,North North Easterly,13,8,2023-11-19T16:00:46+00:00,2023-11-19T16:00:46.822Z,2650225,Edinburgh
A clear sky and a gentle breeze,0,2,35,16,10,86,2023-11-29,0,Precipitation is not expected,1012,4,40,17:00,1,Good,0,Clear Sky,A gentle breeze from the north north west,NNW,NNW,North North Westerly,13,8,2023-11-19T16:00:46+00:00,2023-11-19T16:00:46.822Z,2650225,Edinburgh
A clear sky and a gentle breeze,0,1,34,16,10,88,2023-11-29,0,Precipitation is not expected,1012,4,39,18:00,1,Good,0,Clear Sky,A gentle breeze from the north west,NW,NW,North Westerly,13,8,2023-11-19T16:00:46+00:00,2023-11-19T16:00:46.822Z,2650225,Edinburgh
A clear sky and a gentle breeze,0,1,33,16,10,89,2023-11-29,0,Precipitation is not expected,1012,3,38,19:00,1,Good,0,Clear Sky,A gentle breeze from the west north west,WNW,WNW,West North Westerly,13,8,2023-11-19T16:00:46+00:00,2023-11-19T16:00:46.822Z,2650225,Edinburgh
A clear sky and light winds,0,0,33,16,10,90,2023-11-29,0,Precipitation is not expected,1013,3,38,20:00,1,Good,0,Clear Sky,Light winds from the west north west,WNW,WNW,West North Westerly,12,7,2023-11-19T16:00:46+00:00,2023-11-19T16:00:46.822Z,2650225,Edinburgh
A clear sky and a gentle breeze,0,0,32,16,10,91,2023-11-29,0,Precipitation is not expected,1013,3,38,21:00,1,Good,0,Clear Sky,A gentle breeze from the west north west,WNW,WNW,West North Westerly,13,8,2023-11-19T16:00:46+00:00,2023-11-19T16:00:46.822Z,2650225,Edinburgh
A clear sky and a gentle breeze,0,0,32,16,10,91,2023-11-29,0,Precipitation is not expected,1013,3,38,22:00,1,Good,0,Clear Sky,A gentle breeze from the west north west,WNW,WNW,West North Westerly,13,8,2023-11-19T16:00:46+00:00,2023-11-19T16:00:46.822Z,2650225,Edinburgh
A clear sky and a gentle breeze,0,0,33,16,10,90,2023-11-29,0,Precipitation is not expected,1013,3,38,23:00,1,Good,0,Clear Sky,A gentle breeze from the west,W,W,Westerly,13,8,2023-11-19T16:00:46+00:00,2023-11-19T16:00:46.822Z,2650225,Edinburgh
A clear sky and a gentle breeze,0,1,33,16,10,90,2023-11-30,0,Precipitation is not expected,1013,3,38,00:00,1,Good,0,Clear Sky,A gentle breeze from the west south west,WSW,WSW,West South Westerly,13,8,2023-11-19T16:00:46+00:00,2023-11-19T16:00:46.822Z,2650225,Edinburgh
A clear sky and a gentle breeze,0,0,33,15,9,91,2023-11-30,29,Low chance of precipitation,1014,3,38,01:00,1,Good,0,Clear Sky,A gentle breeze from the west,W,W,Westerly,13,8,2023-11-19T16:00:46+00:00,2023-11-19T16:00:46.822Z,2650225,Edinburgh
A clear sky and a gentle breeze,0,0,32,15,9,91,2023-11-30,29,Low chance of precipitation,1014,3,38,02:00,1,Good,0,Clear Sky,A gentle breeze from the west,W,W,Westerly,12,8,2023-11-19T16:00:46+00:00,2023-11-19T16:00:46.822Z,2650225,Edinburgh
Partly cloudy and a gentle breeze,2,0,32,16,10,91,2023-11-30,29,Low chance of precipitation,1014,3,38,03:00,1,Good,2,Partly Cloudy,A gentle breeze from the west,W,W,Westerly,12,8,2023-11-19T16:00:46+00:00,2023-11-19T16:00:46.822Z,2650225,Edinburgh
Sleet and a gentle breeze,41,0,32,17,10,90,2023-11-30,42,Chance of precipitation,1014,3,37,04:00,1,Good,18,Sleet,A gentle breeze from the west north west,WNW,WNW,West North Westerly,13,8,2023-11-19T16:00:46+00:00,2023-11-19T16:00:46.822Z,2650225,Edinburgh
Sleet and a gentle breeze,41,0,31,18,11,91,2023-11-30,42,Chance of precipitation,1014,3,37,05:00,1,Good,18,Sleet,A gentle breeze from the north west,NW,NW,North Westerly,13,8,2023-11-19T16:00:46+00:00,2023-11-19T16:00:46.822Z,2650225,Edinburgh
Partly cloudy and a gentle breeze,2,0,32,16,10,91,2023-11-30,42,Chance of precipitation,1014,3,38,06:00,1,Good,2,Partly Cloudy,A gentle breeze from the north west,NW,NW,North Westerly,13,8,2023-11-19T16:00:46+00:00,2023-11-19T16:00:46.822Z,2650225,Edinburgh
Partly cloudy and a gentle breeze,2,-1,31,16,10,93,2023-11-30,16,Low chance of precipitation,1014,3,37,07:00,1,Good,2,Partly Cloudy,A gentle breeze from the north north west,NNW,NNW,North North Westerly,14,9,2023-11-19T16:00:46+00:00,2023-11-19T16:00:46.822Z,2650225,Edinburgh
A clear sky and a gentle breeze,0,-1,31,16,10,94,2023-11-30,26,Low chance of precipitation,1014,3,37,08:00,1,Good,0,Clear Sky,A gentle breeze from the north north west,NNW,NNW,North North Westerly,13,8,2023-11-19T16:00:46+00:00,2023-11-19T16:00:46.822Z,2650225,Edinburgh
Sunny and a gentle breeze,1,0,32,17,10,95,2023-11-30,26,Low chance of precipitation,1014,3,38,09:00,1,Good,1,Sunny,A gentle breeze from the north north west,NNW,NNW,North North Westerly,14,9,2023-11-19T16:00:46+00:00,2023-11-19T16:00:46.822Z,2650225,Edinburgh
Sunny and a gentle breeze,1,1,34,18,11,93,2023-11-30,17,Low chance of precipitation,1014,4,40,10:00,1,Good,1,Sunny,A gentle breeze from the north north west,NNW,NNW,North North Westerly,14,9,2023-11-19T16:00:46+00:00,2023-11-19T16:00:46.822Z,2650225,Edinburgh
Sunny and a gentle breeze,1,2,36,20,13,88,2023-11-30,17,Low chance of precipitation,1014,5,41,11:00,1,Good,1,Sunny,A gentle breeze from the north west,NW,NW,North Westerly,16,10,2023-11-19T16:00:46+00:00,2023-11-19T16:00:46.822Z,2650225,Edinburgh
Sunny and a gentle breeze,1,3,38,18,11,84,2023-11-30,17,Low chance of precipitation,1014,6,43,12:00,1,Good,1,Sunny,A gentle breeze from the north west,NW,NW,North Westerly,16,10,2023-11-19T16:00:46+00:00,2023-11-19T16:00:46.822Z,2650225,Edinburgh
Sunny and a gentle breeze,1,3,38,17,11,82,2023-11-30,0,Precipitation is not expected,1014,6,43,13:00,1,Good,1,Sunny,A gentle breeze from the north west,NW,NW,North Westerly,16,10,2023-11-19T16:00:46+00:00,2023-11-19T16:00:46.822Z,2650225,Edinburgh
Sunny and a gentle breeze,1,4,38,17,11,81,2023-11-30,0,Precipitation is not expected,1014,6,43,14:00,1,Good,1,Sunny,A gentle breeze from the north west,NW,NW,North Westerly,15,9,2023-11-19T16:00:46+00:00,2023-11-19T16:00:46.822Z,2650225,Edinburgh
Sunny and a gentle breeze,1,3,38,16,10,81,2023-11-30,0,Precipitation is not expected,1014,6,43,15:00,1,Good,1,Sunny,A gentle breeze from the north west,NW,NW,North Westerly,15,9,2023-11-19T16:00:46+00:00,2023-11-19T16:00:46.822Z,2650225,Edinburgh
A clear sky and a gentle breeze,0,3,37,16,10,83,2023-11-30,0,Precipitation is not expected,1014,5,41,16:00,1,Good,0,Clear Sky,A gentle breeze from the west north west,WNW,WNW,West North Westerly,14,9,2023-11-19T16:00:46+00:00,2023-11-19T16:00:46.822Z,2650225,Edinburgh
A clear sky and a gentle breeze,0,2,35,16,10,85,2023-11-30,0,Precipitation is not expected,1014,5,40,17:00,1,Good,0,Clear Sky,A gentle breeze from the west,W,W,Westerly,13,8,2023-11-19T16:00:46+00:00,2023-11-19T16:00:46.822Z,2650225,Edinburgh
A clear sky and a gentle breeze,0,1,34,15,9,86,2023-11-30,0,Precipitation is not expected,1014,4,39,18:00,1,Good,0,Clear Sky,A gentle breeze from the west south west,WSW,WSW,West South Westerly,13,8,2023-11-19T16:00:46+00:00,2023-11-19T16:00:46.822Z,2650225,Edinburgh
A clear sky and a gentle breeze,0,0,33,14,9,89,2023-11-30,0,Precipitation is not expected,1014,3,38,19:00,1,Good,0,Clear Sky,A gentle breeze from the west south west,WSW,WSW,West South Westerly,13,8,2023-11-19T16:00:46+00:00,2023-11-19T16:00:46.822Z,2650225,Edinburgh
Partly cloudy and a gentle breeze,2,0,32,14,9,90,2023-11-30,0,Precipitation is not expected,1014,3,38,20:00,1,Good,2,Partly Cloudy,A gentle breeze from the south west,SW,SW,South Westerly,12,8,2023-11-19T16:00:46+00:00,2023-11-19T16:00:46.822Z,2650225,Edinburgh
Partly cloudy and a gentle breeze,2,0,32,14,9,90,2023-11-30,0,Precipitation is not expected,1014,3,37,21:00,1,Good,2,Partly Cloudy,A gentle breeze from the south west,SW,SW,South Westerly,12,8,2023-11-19T16:00:46+00:00,2023-11-19T16:00:46.822Z,2650225,Edinburgh
Partly cloudy and light winds,2,0,32,14,9,91,2023-11-30,0,Precipitation is not expected,1013,3,37,22:00,1,Good,2,Partly Cloudy,Light winds from the south west,SW,SW,South Westerly,12,7,2023-11-19T16:00:46+00:00,2023-11-19T16:00:46.822Z,2650225,Edinburgh
Partly cloudy and light winds,2,0,32,13,8,90,2023-11-30,0,Precipitation is not expected,1013,3,38,23:00,1,Good,2,Partly Cloudy,Light winds from the west south west,WSW,WSW,West South Westerly,12,7,2023-11-19T16:00:46+00:00,2023-11-19T16:00:46.822Z,2650225,Edinburgh
Partly cloudy and light winds,2,0,33,13,8,90,2023-12-01,0,Precipitation is not expected,1013,3,38,00:00,1,Good,2,Partly Cloudy,Light winds from the south south west,SSW,SSW,South South Westerly,11,7,2023-11-19T16:00:46+00:00,2023-11-19T16:00:46.822Z,2650225,Edinburgh
A clear sky and light winds,0,0,32,12,8,91,2023-12-01,0,Precipitation is not expected,1013,3,37,01:00,1,Good,0,Clear Sky,Light winds from the south south east,SSE,SSE,South South Easterly,11,7,2023-11-19T16:00:46+00:00,2023-11-19T16:00:46.822Z,2650225,Edinburgh
A clear sky and light winds,0,0,32,12,8,91,2023-12-01,0,Precipitation is not expected,1012,3,37,02:00,1,Good,0,Clear Sky,Light winds from the south east,SE,SE,South Easterly,11,7,2023-11-19T16:00:46+00:00,2023-11-19T16:00:46.822Z,2650225,Edinburgh
A clear sky and light winds,0,0,31,13,8,91,2023-12-01,0,Precipitation is not expected,1012,3,37,03:00,1,Good,0,Clear Sky,Light winds from the south east,SE,SE,South Easterly,11,7,2023-11-19T16:00:46+00:00,2023-11-19T16:00:46.822Z,2650225,Edinburgh
A clear sky and light winds,0,0,31,14,9,91,2023-12-01,0,Precipitation is not expected,1015,3,37,04:00,1,Good,0,Clear Sky,Light winds from the east,E,E,Easterly,12,7,2023-11-19T16:00:46+00:00,2023-11-19T16:00:46.822Z,2650225,Edinburgh
Partly cloudy and a gentle breeze,2,-1,31,15,9,91,2023-12-01,0,Precipitation is not expected,1011,3,37,05:00,1,Good,2,Partly Cloudy,A gentle breeze from the north,N,N,Northerly,12,8,2023-11-19T16:00:46+00:00,2023-11-19T16:00:46.822Z,2650225,Edinburgh
Partly cloudy and a gentle breeze,2,-1,31,15,9,92,2023-12-01,0,Precipitation is not expected,1010,3,37,06:00,1,Good,2,Partly Cloudy,A gentle breeze from the north north west,NNW,NNW,North North Westerly,13,8,2023-11-19T16:00:46+00:00,2023-11-19T16:00:46.822Z,2650225,Edinburgh
Partly cloudy and a gentle breeze,2,-1,30,15,9,94,2023-12-01,17,Low chance of precipitation,1010,2,36,07:00,1,Good,2,Partly Cloudy,A gentle breeze from the north east,NE,NE,North Easterly,13,8,2023-11-19T16:00:46+00:00,2023-11-19T16:00:46.822Z,2650225,Edinburgh
Partly cloudy and a gentle breeze,2,-1,31,16,10,95,2023-12-01,17,Low chance of precipitation,1010,3,37,08:00,1,Good,2,Partly Cloudy,A gentle breeze from the north east,NE,NE,North Easterly,13,8,2023-11-19T16:00:46+00:00,2023-11-19T16:00:46.822Z,2650225,Edinburgh
Sunny intervals and a gentle breeze,3,0,31,16,10,96,2023-12-01,17,Low chance of precipitation,1010,3,37,09:00,1,Good,3,Sunny Intervals,A gentle breeze from the north east,NE,NE,North Easterly,14,9,2023-11-19T16:00:46+00:00,2023-11-19T16:00:46.822Z,2650225,Edinburgh
Sunny intervals and a gentle breeze,3,1,34,16,10,94,2023-12-01,0,Precipitation is not expected,1010,4,39,10:00,1,Good,3,Sunny Intervals,A gentle breeze from the north east,NE,NE,North Easterly,14,9,2023-11-19T16:00:46+00:00,2023-11-19T16:00:46.822Z,2650225,Edinburgh
Sunny intervals and a gentle breeze,3,2,36,16,10,89,2023-12-01,0,Precipitation is not expected,1010,5,41,11:00,1,Good,3,Sunny Intervals,A gentle breeze from the north east,NE,NE,North Easterly,14,9,2023-11-19T16:00:46+00:00,2023-11-19T16:00:46.822Z,2650225,Edinburgh
Sunny and a gentle breeze,1,3,37,16,10,85,2023-12-01,0,Precipitation is not expected,1011,5,42,12:00,1,Good,1,Sunny,A gentle breeze from the north east,NE,NE,North Easterly,14,9,2023-11-19T16:00:46+00:00,2023-11-19T16:00:46.822Z,2650225,Edinburgh
Sunny and a gentle breeze,1,3,38,15,9,83,2023-12-01,0,Precipitation is not expected,1011,6,42,13:00,1,Good,1,Sunny,A gentle breeze from the north north west,NNW,NNW,North North Westerly,14,9,2023-11-19T16:00:46+00:00,2023-11-19T16:00:46.822Z,2650225,Edinburgh
Sunny and a gentle breeze,1,3,38,15,9,82,2023-12-01,0,Precipitation is not expected,1011,6,42,14:00,1,Good,1,Sunny,A gentle breeze from the north,N,N,Northerly,13,8,2023-11-19T16:00:46+00:00,2023-11-19T16:00:46.822Z,2650225,Edinburgh
Sunny and a gentle breeze,1,3,37,14,9,83,2023-12-01,0,Precipitation is not expected,1012,5,42,15:00,1,Good,1,Sunny,A gentle breeze from the north north west,NNW,NNW,North North Westerly,13,8,2023-11-19T16:00:46+00:00,2023-11-19T16:00:46.822Z,2650225,Edinburgh
A clear sky and a gentle breeze,0,2,36,14,9,84,2023-12-01,0,Precipitation is not expected,1012,5,41,16:00,1,Good,0,Clear Sky,A gentle breeze from the north north west,NNW,NNW,North North Westerly,12,8,2023-11-19T16:00:46+00:00,2023-11-19T16:00:46.822Z,2650225,Edinburgh
A clear sky and light winds,0,1,34,14,9,87,2023-12-01,0,Precipitation is not expected,1012,4,39,17:00,1,Moderate,0,Clear Sky,Light winds from the south,S,S,Southerly,12,7,2023-11-19T16:00:46+00:00,2023-11-19T16:00:46.822Z,2650225,Edinburgh
A clear sky and a gentle breeze,0,1,33,14,9,89,2023-12-01,0,Precipitation is not expected,1012,4,39,18:00,1,Moderate,0,Clear Sky,A gentle breeze from the south south west,SSW,SSW,South South Westerly,12,8,2023-11-19T16:00:46+00:00,2023-11-19T16:00:46.822Z,2650225,Edinburgh
A clear sky and light winds,0,0,33,13,8,90,2023-12-01,0,Precipitation is not expected,1013,3,38,19:00,1,Good,0,Clear Sky,Light winds from the south south west,SSW,SSW,South South Westerly,12,7,2023-11-19T16:00:46+00:00,2023-11-19T16:00:46.822Z,2650225,Edinburgh
Partly cloudy and light winds,2,0,32,14,9,91,2023-12-01,0,Precipitation is not expected,1013,3,37,20:00,1,Good,2,Partly Cloudy,Light winds from the south south west,SSW,SSW,South South Westerly,12,7,2023-11-19T16:00:46+00:00,2023-11-19T16:00:46.822Z,2650225,Edinburgh
Partly cloudy and a gentle breeze,2,0,31,14,9,92,2023-12-01,0,Precipitation is not expected,1013,3,37,21:00,1,Good,2,Partly Cloudy,A gentle breeze from the south west,SW,SW,South Westerly,12,8,2023-11-19T16:00:46+00:00,2023-11-19T16:00:46.822Z,2650225,Edinburgh
Partly cloudy and a gentle breeze,2,0,32,14,9,92,2023-12-01,0,Precipitation is not expected,1013,3,37,22:00,1,Good,2,Partly Cloudy,A gentle breeze from the south west,SW,SW,South Westerly,12,8,2023-11-19T16:00:46+00:00,2023-11-19T16:00:46.822Z,2650225,Edinburgh
Light cloud and a gentle breeze,36,0,32,13,8,91,2023-12-01,0,Precipitation is not expected,1014,3,37,23:00,1,Good,7,Light Cloud,A gentle breeze from the south west,SW,SW,South Westerly,12,8,2023-11-19T16:00:46+00:00,2023-11-19T16:00:46.822Z,2650225,Edinburgh
Light cloud and light winds,36,0,32,13,8,91,2023-12-02,0,Precipitation is not expected,1014,3,37,00:00,1,Good,7,Light Cloud,Light winds from the south south west,SSW,SSW,South South Westerly,12,7,2023-11-19T16:00:46+00:00,2023-11-19T16:00:46.822Z,2650225,Edinburgh
Light cloud and light winds,36,0,32,13,8,92,2023-12-02,0,Precipitation is not expected,1014,3,37,01:00,1,Good,7,Light Cloud,Light winds from the south south west,SSW,SSW,South South Westerly,12,7,2023-11-19T16:00:46+00:00,2023-11-19T16:00:46.822Z,2650225,Edinburgh
Light cloud and light winds,36,0,32,13,8,92,2023-12-02,0,Precipitation is not expected,1014,3,37,02:00,1,Good,7,Light Cloud,Light winds from the south south west,SSW,SSW,South South Westerly,11,7,2023-11-19T16:00:46+00:00,2023-11-19T16:00:46.822Z,2650225,Edinburgh
Light cloud and light winds,36,0,32,13,8,91,2023-12-02,0,Precipitation is not expected,1014,3,37,03:00,1,Good,7,Light Cloud,Light winds from the south south west,SSW,SSW,South South Westerly,12,7,2023-11-19T16:00:46+00:00,2023-11-19T16:00:46.822Z,2650225,Edinburgh
Partly cloudy and light winds,2,0,32,14,9,91,2023-12-02,0,Precipitation is not expected,1014,3,37,04:00,1,Good,2,Partly Cloudy,Light winds from the south west,SW,SW,South Westerly,12,7,2023-11-19T16:00:46+00:00,2023-11-19T16:00:46.822Z,2650225,Edinburgh
Partly cloudy and light winds,2,0,32,14,9,91,2023-12-02,0,Precipitation is not expected,1013,3,37,05:00,1,Good,2,Partly Cloudy,Light winds from the west south west,WSW,WSW,West South Westerly,12,7,2023-11-19T16:00:46+00:00,2023-11-19T16:00:46.822Z,2650225,Edinburgh
Partly cloudy and a gentle breeze,2,0,31,14,9,92,2023-12-02,0,Precipitation is not expected,1013,3,37,06:00,1,Good,2,Partly Cloudy,A gentle breeze from the west south west,WSW,WSW,West South Westerly,12,8,2023-11-19T16:00:46+00:00,2023-11-19T16:00:46.822Z,2650225,Edinburgh
Partly cloudy and a gentle breeze,2,-1,30,14,9,93,2023-12-02,0,Precipitation is not expected,1013,2,36,07:00,1,Good,2,Partly Cloudy,A gentle breeze from the north west,NW,NW,North Westerly,13,8,2023-11-19T16:00:46+00:00,2023-11-19T16:00:46.822Z,2650225,Edinburgh
Partly cloudy and a gentle breeze,2,-1,30,16,10,95,2023-12-02,0,Precipitation is not expected,1013,2,36,08:00,1,Good,2,Partly Cloudy,A gentle breeze from the north north west,NNW,NNW,North North Westerly,13,8,2023-11-19T16:00:46+00:00,2023-11-19T16:00:46.822Z,2650225,Edinburgh
Sunny intervals and a gentle breeze,3,0,32,16,10,95,2023-12-02,0,Precipitation is not expected,1014,3,37,09:00,1,Good,3,Sunny Intervals,A gentle breeze from the north north west,NNW,NNW,North North Westerly,13,8,2023-11-19T16:00:46+00:00,2023-11-19T16:00:46.822Z,2650225,Edinburgh
Sunny intervals and a gentle breeze,3,1,34,16,10,93,2023-12-02,0,Precipitation is not expected,1014,4,39,10:00,1,Good,3,Sunny Intervals,A gentle breeze from the north north west,NNW,NNW,North North Westerly,14,9,2023-11-19T16:00:46+00:00,2023-11-19T16:00:46.822Z,2650225,Edinburgh
Sunny intervals and a gentle breeze,3,2,36,16,10,89,2023-12-02,0,Precipitation is not expected,1014,5,41,11:00,1,Good,3,Sunny Intervals,A gentle breeze from the north west,NW,NW,North Westerly,14,9,2023-11-19T16:00:46+00:00,2023-11-19T16:00:46.822Z,2650225,Edinburgh
Sunny intervals and a gentle breeze,3,3,37,16,10,86,2023-12-02,0,Precipitation is not expected,1015,6,42,12:00,1,Good,3,Sunny Intervals,A gentle breeze from the north west,NW,NW,North Westerly,13,8,2023-11-19T16:00:46+00:00,2023-11-19T16:00:46.822Z,2650225,Edinburgh
Sunny intervals and a gentle breeze,3,3,38,15,9,84,2023-12-02,0,Precipitation is not expected,1014,6,43,13:00,1,Good,3,Sunny Intervals,A gentle breeze from the north west,NW,NW,North Westerly,14,9,2023-11-19T16:00:46+00:00,2023-11-19T16:00:46.822Z,2650225,Edinburgh
Light cloud and a gentle breeze,7,4,39,14,9,82,2023-12-02,0,Precipitation is not expected,1014,6,43,14:00,1,Good,7,Light Cloud,A gentle breeze from the north west,NW,NW,North Westerly,13,8,2023-11-19T16:00:46+00:00,2023-11-19T16:00:46.822Z,2650225,Edinburgh
Light cloud and a gentle breeze,7,3,38,14,9,83,2023-12-02,0,Precipitation is not expected,1014,6,42,15:00,1,Good,7,Light Cloud,A gentle breeze from the north west,NW,NW,North Westerly,12,8,2023-11-19T16:00:46+00:00,2023-11-19T16:00:46.822Z,2650225,Edinburgh
Light cloud and a gentle breeze,36,3,37,14,9,85,2023-12-02,0,Precipitation is not expected,1014,5,41,16:00,1,Good,7,Light Cloud,A gentle breeze from the north west,NW,NW,North Westerly,12,8,2023-11-19T16:00:46+00:00,2023-11-19T16:00:46.822Z,2650225,Edinburgh
Light cloud and a gentle breeze,36,2,35,14,9,87,2023-12-02,0,Precipitation is not expected,1016,5,40,17:00,1,Good,7,Light Cloud,A gentle breeze from the west,W,W,Westerly,12,8,2023-11-19T16:00:46+00:00,2023-11-19T16:00:46.822Z,2650225,Edinburgh
Light cloud and a gentle breeze,36,1,35,14,9,89,2023-12-02,0,Precipitation is not expected,1014,4,40,18:00,1,Good,7,Light Cloud,A gentle breeze from the south west,SW,SW,South Westerly,13,8,2023-11-19T16:00:46+00:00,2023-11-19T16:00:46.822Z,2650225,Edinburgh
Light cloud and light winds,36,1,34,12,8,91,2023-12-02,0,Precipitation is not expected,1014,4,39,19:00,1,Good,7,Light Cloud,Light winds from the south west,SW,SW,South Westerly,12,7,2023-11-19T16:00:46+00:00,2023-11-19T16:00:46.822Z,2650225,Edinburgh
Partly cloudy and light winds,2,1,33,12,7,92,2023-12-02,0,Precipitation is not expected,1014,3,38,20:00,1,Good,2,Partly Cloudy,Light winds from the south west,SW,SW,South Westerly,11,7,2023-11-19T16:00:46+00:00,2023-11-19T16:00:46.822Z,2650225,Edinburgh
Partly cloudy and light winds,2,1,33,12,7,92,2023-12-02,0,Precipitation is not expected,1014,3,38,21:00,1,Good,2,Partly Cloudy,Light winds from the south west,SW,SW,South Westerly,10,6,2023-11-19T16:00:46+00:00,2023-11-19T16:00:46.822Z,2650225,Edinburgh
Partly cloudy and light winds,2,1,33,12,7,92,2023-12-02,0,Precipitation is not expected,1016,3,38,22:00,1,Good,2,Partly Cloudy,Light winds from the south west,SW,SW,South Westerly,10,6,2023-11-19T16:00:46+00:00,2023-11-19T16:00:46.822Z,2650225,Edinburgh
Partly cloudy and light winds,2,1,33,11,7,92,2023-12-02,0,Precipitation is not expected,1014,3,38,23:00,1,Good,2,Partly Cloudy,Light winds from the south west,SW,SW,South Westerly,10,6,2023-11-19T16:00:46+00:00,2023-11-19T16:00:46.822Z,2650225,Edinburgh
Partly cloudy and light winds,2,1,33,11,7,91,2023-12-03,0,Precipitation is not expected,1014,3,38,00:00,1,Good,2,Partly Cloudy,Light winds from the south south west,SSW,SSW,South South Westerly,10,6,2023-11-19T16:00:46+00:00,2023-11-19T16:00:46.822Z,2650225,Edinburgh
Partly cloudy and light winds,2,0,32,11,7,93,2023-12-03,0,Precipitation is not expected,1014,3,37,01:00,1,Good,2,Partly Cloudy,Light winds from the south south west,SSW,SSW,South South Westerly,10,6,2023-11-19T16:00:46+00:00,2023-11-19T16:00:46.822Z,2650225,Edinburgh
Partly cloudy and light winds,2,0,32,11,7,92,2023-12-03,0,Precipitation is not expected,1017,3,37,02:00,1,Good,2,Partly Cloudy,Light winds from the south,S,S,Southerly,10,6,2023-11-19T16:00:46+00:00,2023-11-19T16:00:46.822Z,2650225,Edinburgh
Partly cloudy and light winds,2,0,32,12,7,92,2023-12-03,0,Precipitation is not expected,1017,3,37,03:00,1,Good,2,Partly Cloudy,Light winds from the south south east,SSE,SSE,South South Easterly,10,6,2023-11-19T16:00:46+00:00,2023-11-19T16:00:46.822Z,2650225,Edinburgh
Partly cloudy and light winds,2,0,32,12,8,91,2023-12-03,0,Precipitation is not expected,1017,3,37,04:00,1,Good,2,Partly Cloudy,Light winds from the east north east,ENE,ENE,East North Easterly,10,6,2023-11-19T16:00:46+00:00,2023-11-19T16:00:46.822Z,2650225,Edinburgh
Partly cloudy and light winds,2,0,31,13,8,91,2023-12-03,0,Precipitation is not expected,1013,3,37,05:00,1,Good,2,Partly Cloudy,Light winds from the north north east,NNE,NNE,North North Easterly,10,6,2023-11-19T16:00:46+00:00,2023-11-19T16:00:46.822Z,2650225,Edinburgh
